apolo/data/log_tiling_2048.ecsv
# %ECSV 0.9
# ---
# datatype:
# - {name: tile, datatype: float64}
# - {name: n, datatype: float64}
# - {name: l_min, datatype: float64}
# - {name: l_max, datatype: float64}
# - {name: b_min, datatype: float64}
# - {name: b_max, datatype: float64}
# - {name: area, datatype: float64}
# schema: astropy-2.0
tile n l_min l_max b_min b_max area
[from data line 1737]
1737.0 6168.0 340.5519696830983 340.64965278089164 -0.22106525031716862 -0.09192738957766323 0.012614536554375357
1738.0 6168.0 340.4817989304511 340.5696267832012 -0.09191294052013571 0.004103714608959331 0.008432933185622972
1739.0 6168.0 340.56964293692425 340.64967341036026 -0.09191679750000736 0.004110470754089468 0.0076851045855396
1740.0 6167.0 340.6497036053909 340.75048608587804 -0.22107054611790453 -0.0781977936840672 0.014399017549321819
1741.0 6168.0 340.6496827786837 340.7504897664206 -0.07819747204002314 0.00408039950612958 0.00829418194040938
1742.0 6168.0 340.7505011878995 340.8832113087392 -0.22097293772188675 -0.07872690336767678 0.018877418997364184
1743.0 6168.0 340.75052523916327 340.88329323486187 -0.0786638883783002 0.0041092217645657975 0.01098961664981285
1744.0 6167.0 340.481811661085 340.5853833416927 0.004121060531064633 0.08093958480840645 0.007956220873355731
1745.0 6168.0 340.48181292122024 340.58536485272697 0.08094810147459473 0.1416244113987154 0.006283136943922383
1746.0 6167.0 340.58538595396567 340.6868018841614 0.004112517476826221 0.07792037140071474 0.007485289725882724
1747.0 6168.0 340.58539550895364 340.6867869875574 0.07793344624716661 0.14160740448955722 0.006455984594157948
1748.0 6167.0 340.48180083027955 340.58557370904254 0.14163648018104738 0.19744032033072648 0.005790899557691725
1749.0 6168.0 340.4817948693134 340.5855567085771 0.19746436810316417 0.2528586562424945 0.00574776861533749
1750.0 6168.0 340.58558000262275 340.6867780894834 0.14162892851938497 0.19678969444706593 0.005582139422992528
1751.0 6168.0 340.5855996573075 340.6867701931672 0.19679328105023605 0.2528713321524747 0.005673402572932359
1752.0 6167.0 340.6868711275001 340.7853536908494 0.004140093148677575 0.07780245532569226 0.0072544558951695235
1753.0 6168.0 340.68682864878406 340.7853488344138 0.07780307564154176 0.13886573724327422 0.006015893717632968
1754.0 6168.0 340.7853663339302 340.8832975277444 0.0041380372034039966 0.07843859739607063 0.007276340161620849
1755.0 6168.0 340.78538571484233 340.8832865933502 0.07845471506479927 0.1388657169984085 0.005914279251130384
1756.0 6167.0 340.68680692204225 340.7799766618082 0.13886912776087681 0.19661781157970432 0.005380406556898481
1757.0 6168.0 340.6868137334661 340.7799815588025 0.19661923759882502 0.25285193063614564 0.005239037211187607
1758.0 6168.0 340.7799816613026 340.88328215732946 0.138874759563279 0.19350275044077853 0.005643074602788292
1759.0 6168.0 340.7799911067292 340.88327069704036 0.19351944900857584 0.25286491438620107 0.006129128573702418
1760.0 6167.0 340.88333492184876 341.0291123730171 -0.4358950176952084 -0.3349103108684144 0.014720958221167011
1761.0 6168.0 340.8832998713634 341.0290885701408 -0.33490536101899404 -0.2088294872538139 0.018380226959267595
1762.0 6167.0 341.0291256933942 341.16615991208727 -0.4358879759662583 -0.30484944154033417 0.017956384107410794
1763.0 6168.0 341.0291166961925 341.1661540287294 -0.3048448778612144 -0.2088303747224166 0.013157437659854438
1764.0 6167.0 340.8833023355196 340.9784172029464 -0.20882693602324906 -0.04150761511381377 0.01591451139603459
1765.0 6168.0 340.9784172665934 341.06802964679554 -0.20880559941421886 -0.04157175699245734 0.014986181577816065
1766.0 6168.0 341.0680348846991 341.1661569399757 -0.2088001027611328 -0.13072408321551232 0.007660945285736568
1767.0 6168.0 341.06804634691156 341.1661204364905 -0.13071916102781417 -0.04149225183678114 0.00875083711872208
1768.0 6167.0 341.1661679272473 341.2988800562892 -0.43589806130016157 -0.3258930239145193 0.014598677879188619
1769.0 6168.0 341.29888418355824 341.3922581884168 -0.43589570829483054 -0.3258391222312746 0.010276195576544894
1770.0 6168.0 341.16616529795704 341.2794587494336 -0.32583386311509627 -0.19913424630458018 0.014354083335134481
1771.0 6168.0 341.27947582432614 341.3920949752349 -0.3258243981249175 -0.19913103578418032 0.014267946267476586
1772.0 6167.0 341.1661850209994 341.2652699811783 -0.19911746316795706 -0.11601866214100028 0.008233809532966407
1773.0 6168.0 341.1661609786888 341.2653510677976 -0.11601696195802488 -0.04149805635117274 0.00739152938344411
1774.0 6168.0 341.26542118465875 341.39220778581506 -0.1991163982278777 -0.11621235339627649 0.010511081353249364
1775.0 6168.0 341.26536650093857 341.3970298999283 -0.11620826545479292 -0.04149893359911384 0.009836474556001786
1776.0 6167.0 340.88330333363683 340.99822421546185 -0.041483603041036335 0.05509155332116328 0.011098500739448677
1777.0 6168.0 340.8833324455487 340.99823064098604 0.055092060048667034 0.13097350217466405 0.008718628636959097
1778.0 6167.0 340.99826945457977 341.1120132011517 -0.04146902805525593 0.051719468305519684 0.010599607502760976
1779.0 6168.0 340.99823202892134 341.1119070773055 0.05172226801561761 0.13098697346397853 0.009010407055162276
1780.0 6167.0 340.88329821227495 340.9905988482834 0.13099273769827888 0.19446029472930462 0.006810081421170814
1781.0 6168.0 340.8833271758427 340.9905992163592 0.19446381152656095 0.25286899444593763 0.006265195139311408
1782.0 6168.0 340.990600563159 341.111987732036 0.13099293712665855 0.19907331355177096 0.00826404938254054
1783.0 6168.0 340.99060117150697 341.1119399478343 0.1991103437142447 0.25287032954737676 0.006523119915654057
1784.0 6167.0 341.11203581557163 341.2457759415172 -0.04147272664954177 0.01826268329604776 0.007989020723832195
1785.0 6168.0 341.112027555499 341.2457331317708 0.018286917123540147 0.11104327374620332 0.01240203286203757
1786.0 6168.0 341.2457778229609 341.32559976487596 -0.04147635339034284 0.11104487694134359 0.012174534950110217
1787.0 6168.0 341.3256167033933 341.3995464837099 -0.041469149294495376 0.11105727606774919 0.011276239710650279
1788.0 6167.0 341.11201346515907 341.2293484910892 0.11106174639760456 0.19210451313148336 0.009509121064623257
1789.0 6168.0 341.11201405458417 341.22933749273994 0.1921138973788498 0.2528526890142064 0.0071260298062158604
1790.0 6168.0 341.2293562456952 341.3196881494778 0.11105853658464465 0.25285799770231104 0.012808947416433866
1791.0 6168.0 341.319715079735 341.39958402135073 0.11107586061576777 0.25286606730964756 0.01132457373505005
1792.0 6167.0 339.72032001051105 339.772177967973 0.2528889228028757 0.3545512504151804 0.005271925898577613
1793.0 6168.0 339.7721976069648 339.8245319899457 0.25288289901530353 0.35455355959314555 0.005320795834139534
1794.0 6167.0 339.7203266793643 339.7723221079934 0.3545730522798778 0.4382787260051148 0.004352207821126161
1795.0 6168.0 339.77232455083873 339.82453126977316 0.354557918325364 0.43829423453188193 0.004371493298172245
1796.0 6167.0 339.82453655857756 339.8764727270623 0.25287709157039134 0.3431054259442249 0.004686050113177408
1797.0 6168.0 339.87647757322037 339.9261527746431 0.25288212447622727 0.3431016504117418 0.004481612046132102
1798.0 6168.0 339.8245330141146 339.87260461584776 0.34310677161800246 0.4382942518662085 0.004575707729497469
1799.0 6168.0 339.8726242318935 339.9261370817978 0.343135596871949 0.4382916127099913 0.005091950612538066
1800.0 6167.0 339.7203173996098 339.7700090150462 0.4383012515497065 0.5323984034987364 0.00467567120165763
1801.0 6168.0 339.7700132919542 339.81984509388184 0.4382971125481554 0.5324004958101237 0.004689172383483644
1802.0 6167.0 339.72031877596936 339.81984318470126 0.5324021915750473 0.5836398648442979 0.005099157119598415
1803.0 6168.0 339.7203191117996 339.8198141296144 0.5836429101123327 0.6420405874377504 0.005809945330186313
1804.0 6167.0 339.8198559368601 339.86985239729023 0.4382958472597814 0.5331438645131139 0.004741894203265565
1805.0 6168.0 339.8698620519466 339.92615798886123 0.4383013132400361 0.533147191789094 0.00533924512013885
1806.0 6168.0 339.8198559154348 339.92613289942676 0.5331573588721316 0.5844140024405692 0.005447142245852268
1807.0 6168.0 339.8198580755746 339.92614613845717 0.5844250761163617 0.6420194106433756 0.006121239385117114
1808.0 6167.0 339.92617734877217 339.9771809275176 0.25288725879865215 0.3484575450827045 0.004874358939847852
1809.0 6168.0 339.9771818569167 340.0260199162455 0.2528740829753568 0.3484675540254484 0.004668534786589739
1810.0 6167.0 339.92616145438126 339.9777071767211 0.34847270151840787 0.44157064511949795 0.004798686172774155
1811.0 6168.0 339.97771233219777 340.0260211972006 0.3484684443275458 0.44156919387237753 0.0044974841562575455
1812.0 6167.0 340.02603300257937 340.1209429527013 0.25289444100074965 0.30334326991402016 0.00478803927230412
1813.0 6168.0 340.02602836474006 340.1209380671812 0.3033445203308175 0.3518275640168737 0.004601435902534927
1814.0 6168.0 340.02602699525494 340.07460407612126 0.35183224104857846 0.4415766941768471 0.004359418616102776
1815.0 6168.0 340.074609172354 340.1209282339765 0.3518282043035902 0.44154500603329155 0.004155498045128931
1816.0 6167.0 339.92618129238036 340.0234993393203 0.4415768269693274 0.4902078064844314 0.004732515346384574
1817.0 6168.0 339.9261773353403 340.0234982168018 0.49020877784930034 0.5419391177599824 0.005034237887999808
1818.0 6168.0 340.02351217469044 340.12094584209615 0.44158006585360504 0.49065548731912373 0.004781439917457672
1819.0 6168.0 340.02350392967645 340.1209440834495 0.49066461288132895 0.5419762220921598 0.004999607916377695
1820.0 6167.0 339.92616102372824 339.9754708543423 0.5419944828590063 0.6420201651372943 0.004931985542555588
1821.0 6168.0 339.9754833461371 340.0269467759738 0.5420043997923315 0.6419576538904099 0.0051436620702387465
1822.0 6168.0 340.0269609104151 340.12094321206064 0.5419930355153888 0.5917073269122083 0.004672034726272958
1823.0 6168.0 340.0269561415088 340.1209218215512 0.5917142522441163 0.6420189109659586 0.004726637358484978
1824.0 6167.0 340.1209604278491 340.2184946831423 0.25289100055455876 0.3051080526921184 0.005092890736585109
1825.0 6168.0 340.1209587313677 340.218509265021 0.3051224658039316 0.3560320853928655 0.004966177734929359
1826.0 6167.0 340.1209499934031 340.1700692849013 0.35610092669435056 0.44501935797339 0.004367503173381729
1827.0 6168.0 340.1700794020286 340.2184945025434 0.356047678070346 0.445007590581551 0.004306897437702401
1828.0 6167.0 340.21853791638824 340.27215824598085 0.25290042886415603 0.3487259207929661 0.005138123046312715
1829.0 6168.0 340.2721608039195 340.32177543702636 0.25288196677427255 0.34872565260698984 0.004755183220228599
1830.0 6168.0 340.21852783431297 340.26930033211846 0.3487392232159465 0.44500793047186804 0.0048876848953451875
1831.0 6168.0 340.2693004487102 340.32178275082447 0.3487290165174399 0.4450166330632514 0.0050532739570703184
1832.0 6167.0 340.1209481126171 340.1737398153644 0.44504837912522904 0.5429090414552185 0.005166038363529986
1833.0 6168.0 340.17374230969995 340.21996395069107 0.4450664141383721 0.5429291261819733 0.004523206466767461
1834.0 6168.0 340.12096869188053 340.21994034789395 0.5429327094667394 0.5921175169925055 0.004867662902699683
1835.0 6168.0 340.12095328956065 340.21995929143316 0.592126817039019 0.6420418136402473 0.0049415974735796085
1836.0 6167.0 340.2199692365498 340.2689313138563 0.4450274610663806 0.5427416628296917 0.00478411197873273
1837.0 6168.0 340.2689341639934 340.3217838820107 0.44503003886347064 0.5427519825193036 0.005164384665061004
1838.0 6168.0 340.21997234776774 340.268288109676 0.5427849209315875 0.6420366833146838 0.004795167594017432
1839.0 6168.0 340.26829392994733 340.32177166066253 0.542765304434468 0.6420393747755089 0.00530866756879385
1840.0 6167.0 340.3218059206216 340.3718853342057 0.25288420733955885 0.34561141686036767 0.004643660433088765
1841.0 6168.0 340.3718992015709 340.4239323205501 0.252874624237593 0.345621404028206 0.004825837879818064
1842.0 6167.0 340.3217965637202 340.3726864095244 0.34562286018623356 0.4454558748053572 0.005080365015488922
1843.0 6168.0 340.3726988045613 340.42391882128936 0.34562534926880073 0.4454795026110548 0.005114408876037516
1844.0 6167.0 340.42393387667397 340.479156978283 0.2529040164540005 0.34865317026846554 0.005287491777466825
1845.0 6168.0 340.479162782508 340.5289398029785 0.2529239724037117 0.3486516987119817 0.004764974776307642
1846.0 6168.0 340.4239436773877 340.47726238353926 0.34865392184378785 0.4454890602550432 0.00516299968951249
1847.0 6168.0 340.47727763372245 340.52893296034694 0.3486872648952984 0.4454884088392846 0.005000174027529592
1848.0 6167.0 340.32179745534955 340.3755484647699 0.4455080179855328 0.5407450183931282 0.005118894719936697
1849.0 6168.0 340.37555854799564 340.42651766243205 0.44550665762374236 0.5407634557112821 0.004854021723017487
1850.0 6168.0 340.32179554512476 340.3761218599289 0.5408003932188334 0.6420369874126941 0.00549951737647164
1851.0 6168.0 340.3761292161042 340.426522860991 0.5407695133533109 0.6420224948806597 0.005102234323512435
1852.0 6167.0 340.4265446939373 340.5289259784241 0.4454923952273239 0.4941756616839279 0.004984087627026171
1853.0 6168.0 340.42653497625327 340.52891174866915 0.49417933799759295 0.5480585474671889 0.005515751213824095
1854.0 6168.0 340.4265277754361 340.47855068917784 0.5480681959294843 0.6420081559780615 0.004886766345696943
1855.0 6168.0 340.4785594502328 340.5289363590608 0.5480651582676361 0.6420307883847257 0.004733442165881649
1856.0 6167.0 339.7203176523583 339.82862744117443 0.6420799974576509 0.6996532061788961 0.006235314370715888
1857.0 6168.0 339.72031046707 339.8286702154389 0.6996583768741007 0.7550752463884658 0.006004473923954139
1858.0 6167.0 339.8286885514803 339.9363700703856 0.6420441266860837 0.69895277486477 0.006127589823522432
1859.0 6168.0 339.828683957295 339.9363634521724 0.6989774234969217 0.7550700321410541 0.006039537279431841
1860.0 6167.0 339.72033858676264 339.82403542008115 0.7550785929104237 0.8099563190915 0.005690115484503358
1861.0 6168.0 339.7203186914364 339.8240311291795 0.8099790007700093 0.8644112812283644 0.005644701646217553
1862.0 6168.0 339.82405460091195 339.8790712209325 0.7550911505212655 0.8644081883291715 0.006013652397275856
1863.0 6168.0 339.8790726921965 339.93635701742414 0.7550928412922029 0.8643935251192144 0.006260589696042419
1864.0 6167.0 339.93637202256014 340.0387125058979 0.6420506362259019 0.6907421045590452 0.0049827712106096465
1865.0 6168.0 339.93637486591456 340.03872172186874 0.6907477091370297 0.7460219157146515 0.005656696376875792
1866.0 6168.0 340.03877016586097 340.13421523460937 0.6420459234681397 0.6917424137621493 0.004742963482387432
1867.0 6168.0 340.0387745795861 340.13425433000714 0.6917446252042132 0.7460233396477921 0.005182109992131899
1868.0 6167.0 339.9363828105765 340.0365270226801 0.7460267361845117 0.8039453491003979 0.00579968303086696
1869.0 6168.0 339.9363705742828 340.0365417797701 0.8039470193092729 0.8644024034916767 0.006055246617138487
1870.0 6168.0 340.03660308747726 340.1342100295314 0.7460316295761295 0.8012547962087504 0.005389672854908997
1871.0 6168.0 340.0365570426173 340.1342401741422 0.8012578243738822 0.8644019716488798 0.006167466129210172
1872.0 6167.0 339.72033205439374 339.8204063397117 0.8644223484134649 0.9269230599866458 0.0062539495060818665
1873.0 6168.0 339.7203426092912 339.8203729260959 0.9269250532177601 0.9879906547155347 0.006107558305778434
1874.0 6167.0 339.82041098665 339.9239288624454 0.8644202933290646 0.9248655378466973 0.00625640025557306
1875.0 6168.0 339.8204230754551 339.9239571943697 0.9248755916362295 0.9879692216152747 0.006531432971504544
1876.0 6167.0 339.72031519040814 339.81714306067397 0.9880112028144485 1.0528487419107175 0.006277084839320427
1877.0 6168.0 339.72032731322236 339.8171994883039 1.0528522178549982 1.1328878719431668 0.007751816901498388
1878.0 6168.0 339.8172047887979 339.9239661598773 0.9879910519337629 1.0541934585751573 0.0070667369514017375
1879.0 6168.0 339.81721229096934 339.9239099021991 1.054208148826065 1.1325581566283995 0.008358235897032558
