apolo/data/log_tiling_2048.ecsv
# %ECSV 0.9
# ---
# datatype:
# - {name: tile, datatype: float64}
# - {name: n, datatype: float64}
# - {name: l_min, datatype: float64}
# - {name: l_max, datatype: float64}
# - {name: b_min, datatype: float64}
# - {name: b_max, datatype: float64}
# - {name: area, datatype: float64}
# schema: astropy-2.0
tile n l_min l_max b_min b_max area
[from data line 1161]
1161.0 6168.0 339.063347996611 339.1442191926832 -0.9432336904065346 -0.8346737852044759 0.008778311400239252
1162.0 6168.0 338.98689605226195 339.06609789169653 -0.8346718653464611 -0.7300136171463253 0.00828835189951295
1163.0 6168.0 339.06610611724926 339.14423453050415 -0.8346735541033438 -0.7300253005627498 0.008175238677469906
1164.0 6167.0 339.1442825313181 339.2385465250962 -0.9432305160257995 -0.8298425483445379 0.01068712148947808
1165.0 6168.0 339.23855038440735 339.32180517108856 -0.943230751310643 -0.8298599895421281 0.009437527177840745
1166.0 6168.0 339.14423808893997 339.22963160843045 -0.829818677524451 -0.7300213658810377 0.008521253081943904
1167.0 6168.0 339.22968678409785 339.32181267676316 -0.8298221805798159 -0.7300182960903405 0.009193668968253778
1168.0 6167.0 339.32184464650027 339.40424679071555 -1.1557019520428922 -1.0426609088990595 0.009313108773519159
1169.0 6168.0 339.4042607379398 339.50484490707447 -1.155348049785434 -1.0426579937364215 0.011332748742628332
1170.0 6167.0 339.3218142322767 339.39671244874364 -1.042650963778144 -0.9221575475394307 0.009023413741950098
1171.0 6168.0 339.3967228435468 339.5048183009946 -1.0426464737847552 -0.922159614216648 0.013022165367037347
1172.0 6167.0 339.5048626868476 339.5855441940885 -1.1556272073657363 -1.0250272195114651 0.010535093742714722
1173.0 6168.0 339.5855457034449 339.7202880745382 -1.1556167735389655 -1.0250121689849723 0.01759478404859904
1174.0 6168.0 339.5048529401001 339.5925202408724 -1.0249923193155064 -0.9221521218343611 0.009014419793018891
1175.0 6168.0 339.5925240906735 339.7203004575065 -1.0249962709214482 -0.9221504298301374 0.01313936906027689
1176.0 6167.0 339.32182249470696 339.4109961629755 -0.9221299832808907 -0.8173318469873867 0.00934415628384116
1177.0 6168.0 339.3218495366622 339.41099111368203 -0.8173199454436475 -0.7300110769383301 0.007782139955652506
1178.0 6168.0 339.4109970858878 339.5307787847176 -0.9221179129273748 -0.8065615372853961 0.013839961678246552
1179.0 6168.0 339.41099737720356 339.53078431566234 -0.8065323045638739 -0.7300265403672215 0.009163566713827535
1180.0 6167.0 339.5307916600939 339.6181270856909 -0.9221342087983287 -0.8161866827718801 0.009251906331091736
1181.0 6168.0 339.618131036419 339.72030878165225 -0.9221388810773306 -0.8161813167531503 0.010825257796895912
1182.0 6168.0 339.53079228683816 339.6201255090674 -0.8161692128849428 -0.7300108995960277 0.007696098393167442
1183.0 6168.0 339.6201297076285 339.72029973151996 -0.8161361282729706 -0.7300142195771465 0.00862604758039738
1184.0 6167.0 338.98690724696826 339.0987056761132 -0.7300070355243563 -0.6260232680798795 0.011624406307818603
1185.0 6168.0 338.9868968846568 339.0987150810546 -0.6259738160496022 -0.5508918697689946 0.008395084460210919
1186.0 6167.0 339.0987443513375 339.18815740346474 -0.7299941435169564 -0.6368966358639079 0.008323539192057765
1187.0 6168.0 339.09876395867116 339.18813244389383 -0.636882412271264 -0.5508693936758989 0.007686439544354651
1188.0 6167.0 339.18818556468557 339.27218676661647 -0.730005092722528 -0.6382554793911648 0.007706527575279501
1189.0 6168.0 339.2721991510748 339.3535797476837 -0.7300022198451699 -0.638253097004038 0.007466065306231211
1190.0 6168.0 339.188169219764 339.26992887575955 -0.6382365189229464 -0.5508590795718027 0.007143564070083413
1191.0 6168.0 339.2699414510395 339.35358305585817 -0.6382306267068517 -0.5508693718170798 0.0073066414461220785
1192.0 6167.0 338.9868916286974 339.0616538949795 -0.5508294944896259 -0.45903840206020874 0.006862242874881443
1193.0 6168.0 339.0616555987505 339.13828856565067 -0.5508433506083834 -0.4590492041780148 0.00703418385650336
1194.0 6168.0 338.98686054988684 339.06878720975044 -0.4590290165430803 -0.36028981172125835 0.00808916547950652
1195.0 6168.0 339.0688093382229 339.1383549997559 -0.4590293480503609 -0.3603161077273921 0.006864901265299685
1196.0 6167.0 339.1383889027553 339.2239355242059 -0.5508580533789205 -0.4552595133123625 0.008177815949862347
1197.0 6168.0 339.13837705228786 339.2239304961113 -0.4552564787099267 -0.3602937677678399 0.008124180268855499
1198.0 6168.0 339.2239512264472 339.3535778929131 -0.5508464120558626 -0.48486937798995744 0.008552033191405904
1199.0 6168.0 339.22394960695823 339.3535312724063 -0.48486081008267234 -0.3602939915471798 0.016141133609561473
1200.0 6167.0 339.3535846277405 339.4573271242097 -0.7299952972155405 -0.6429093945669649 0.009033859675650548
1201.0 6168.0 339.35358556907636 339.4573215349779 -0.6428944500117079 -0.5518702938850907 0.009441964533716235
1202.0 6167.0 339.4573437166791 339.54505623161157 -0.7299645992145913 -0.6467864306691056 0.007295239157987851
1203.0 6168.0 339.45732726220245 339.5450778580052 -0.6467149835109305 -0.5518526584029335 0.008323769263114827
1204.0 6167.0 339.54509272647715 339.62866970519383 -0.7300076467540016 -0.6419619621587924 0.007358064179697891
1205.0 6168.0 339.6286840937913 339.7202963885807 -0.7299943605129569 -0.6419551941972894 0.008064891213955318
1206.0 6168.0 339.54511431971395 339.6318254696556 -0.6419335931871469 -0.5518583029152839 0.007810107359687274
1207.0 6168.0 339.63186323115576 339.72030697403403 -0.6419380749221983 -0.5518721487121434 0.007965334525785642
1208.0 6167.0 339.3535862939529 339.438018039694 -0.5518346234958157 -0.4372133578691887 0.009677311473335788
1209.0 6168.0 339.43803277493186 339.5393061762311 -0.5518424605243282 -0.4371861603570271 0.011611199073908516
1210.0 6168.0 339.3535847809376 339.46527902030374 -0.43717010652973487 -0.36029002310812336 0.008586853861974955
1211.0 6168.0 339.4652954205061 339.53929719614996 -0.4371758623972638 -0.3602986301810137 0.005688913499610843
1212.0 6167.0 339.53932110072986 339.63205079573436 -0.5518492038770558 -0.44645001555139174 0.009773262323882991
1213.0 6168.0 339.63208145763633 339.72028953105183 -0.551844748028862 -0.44647630799433446 0.009293993071651477
1214.0 6168.0 339.53930850742296 339.6159839555054 -0.4464355844637577 -0.3602898683373293 0.006605097078891285
1215.0 6168.0 339.6159863317781 339.72029566035775 -0.44642008681254 -0.36029039974276844 0.008983906357901769
1216.0 6167.0 338.9868628022324 339.0730309533927 -0.3602795845921572 -0.2841777651013697 0.00655744889984319
1217.0 6168.0 338.9868611710406 339.073032446528 -0.28416880914237375 -0.19189634597428865 0.007951166367338095
1218.0 6167.0 339.07307749458107 339.1707822804521 -0.3602884117372499 -0.29373915002203294 0.006502075095683224
1219.0 6168.0 339.07304015193114 339.17075251396193 -0.29370011809824864 -0.1919181002379151 0.009945270764950673
1220.0 6167.0 338.9868744611313 339.0786159062843 -0.19189206058889385 -0.11067637901257073 0.007450817400416007
1221.0 6168.0 338.9868884707135 339.07861342269547 -0.11066829436275691 -0.045757573663735514 0.0059539268734756755
1222.0 6168.0 339.07861922283365 339.17079141438626 -0.19189374021926453 -0.10248793311153885 0.008240701149925532
1223.0 6168.0 339.078619447362 339.1707796935982 -0.1024810793331832 -0.045766963012770646 0.005226782337790068
1224.0 6167.0 339.17079483812165 339.25208994004055 -0.36028640704613896 -0.269647738267022 0.007368367712836413
1225.0 6168.0 339.25209172697794 339.343825999101 -0.3602552593719417 -0.26964414717581514 0.008312017977772295
1226.0 6168.0 339.17080233010756 339.2595466095614 -0.26961326741653796 -0.17354823655259258 0.008525157194147476
1227.0 6168.0 339.25954710634153 339.3438777101167 -0.26963129315952494 -0.17354543231589767 0.008102917111054202
1228.0 6167.0 339.1708104601551 339.25605103601805 -0.17352870315885008 -0.098655970680223 0.006382176375094474
1229.0 6168.0 339.17079831139904 339.2560387095467 -0.0986402995842456 -0.04575435279703132 0.004508015421600412
1230.0 6168.0 339.25605119761013 339.3438697982383 -0.17354452699391806 -0.10364213125264339 0.006138712234604097
1231.0 6168.0 339.25609263168616 339.34387365848124 -0.1036297978556668 -0.04575663142831219 0.005080161440085578
1232.0 6167.0 338.98687355142715 339.07559215099093 -0.04574059430323926 0.005339093222416363 0.00453171791170001
1233.0 6168.0 338.98687043471386 339.075598353036 0.005340546338221907 0.0492823861108935 0.0038988674317743206
1234.0 6167.0 339.0756545735102 339.16413959131734 -0.04575216891657843 0.00541765285597324 0.004527762159781519
1235.0 6168.0 339.0756021658788 339.16414402973584 0.00542878353946386 0.0492844034689969 0.0038830577917631543
1236.0 6167.0 338.9868642078629 339.0297229892447 0.04930526062525821 0.13423990553901988 0.0036401903752477944
1237.0 6168.0 339.0297255339944 339.075024389013 0.04929338712212051 0.1342292549962004 0.0038474922781499073
1238.0 6168.0 339.0750701154258 339.1190095657556 0.04928677675169144 0.13424487904715662 0.0037330071860298616
1239.0 6168.0 339.1190163502734 339.1641426735146 0.049289316865844535 0.13423205865009524 0.0038331483559157203
1240.0 6167.0 339.1641501241263 339.2537585205331 -0.04574188550324427 0.0038763123831438324 0.004446206709523004
1241.0 6168.0 339.1641489504666 339.25375688772345 0.00388253294590563 0.04826552341896657 0.003977067714329914
1242.0 6168.0 339.2538004269816 339.34387733837815 -0.04574895930331027 0.007000340629153468 0.004751493576790752
1243.0 6168.0 339.253768839221 339.34385923699597 0.007002463555987222 0.04826740640546468 0.0037175746027096122
1244.0 6167.0 339.16415170353787 339.2091169233131 0.04828292725313365 0.1342596345843463 0.0038659562728575784
1245.0 6168.0 339.20912840913076 339.2551483104929 0.048275565756258514 0.13426423582054794 0.003957184722519938
1246.0 6168.0 339.2551590610489 339.2999003292495 0.04828322639685636 0.13425255263194946 0.0038463714413786983
1247.0 6168.0 339.2999046219688 339.34387204424434 0.048269928262145725 0.13426670336417781 0.0037810513732450964
1248.0 6167.0 339.34388067303024 339.4441301991271 -0.3602842668865309 -0.29745639697223203 0.006298360114368078
1249.0 6168.0 339.34389811162526 339.4440980818528 -0.2974539364630345 -0.22728232700380283 0.007031119020926061
1250.0 6167.0 339.4441320392244 339.5260601130417 -0.36028742321443086 -0.2972861399750697 0.005161488540335141
1251.0 6168.0 339.4441439907967 339.52605107376024 -0.29725031787373385 -0.22728746592405055 0.005730392727722474
1252.0 6167.0 339.34388142799145 339.43508168727857 -0.22728210405174284 -0.14269166889744944 0.007714628709603506
1253.0 6168.0 339.3438847131162 339.4350806371713 -0.14268722055596536 -0.07610990072158993 0.006071568794324372
1254.0 6168.0 339.43509091338706 339.5260755162467 -0.22727338587360457 -0.15048063166811387 0.006986919757034308
1255.0 6168.0 339.4350856365622 339.52607256834494 -0.15047969302604502 -0.07611129210786709 0.006766538917438064
1256.0 6167.0 339.5260847496238 339.61374301719957 -0.3602699113693806 -0.2983515037739146 0.005427570427248273
1257.0 6168.0 339.5260765816063 339.6137263750612 -0.2983384689686237 -0.23192916586659998 0.005820699053614467
1258.0 6168.0 339.61377634339243 339.72030844092967 -0.36025869623144174 -0.29128827041299 0.00734744491914223
1259.0 6168.0 339.61374379023306 339.72028377971697 -0.2912882395193319 -0.23194749721341262 0.006322095872761755
1260.0 6167.0 339.52612293412386 339.62756759528594 -0.23192836048477644 -0.17444004581228653 0.005831845687928982
1261.0 6168.0 339.5261095665432 339.62754816702244 -0.17443948367558115 -0.07610886808308229 0.009974494964044045
1262.0 6168.0 339.62758560849375 339.720309057526 -0.23192728736650406 -0.1597371921735807 0.0066936750710167876
1263.0 6168.0 339.6275869126928 339.7202717992254 -0.15970184664739312 -0.0761199553397477 0.0077467610209916915
1264.0 6167.0 339.3438838169804 339.42659499293774 -0.07609866712582007 -0.020423591402793026 0.0046049491697980355
1265.0 6168.0 339.3438900508547 339.42662455999107 -0.02041674561416734 0.032362469580378916 0.00436666228360552
1266.0 6167.0 339.4266250373245 339.52314465181263 -0.07608769206732022 -0.023677134112871163 0.0050586447553629095
1267.0 6168.0 339.4266413370678 339.52312917894324 -0.02367450747244357 0.03237956672392721 0.005408536416234163
1268.0 6167.0 339.3438843803458 339.42646831421433 0.03237983677175491 0.0844063544282027 0.004296552114589435
1269.0 6168.0 339.343889473506 339.42647364711223 0.0844328779819049 0.1342667797954671 0.004115483973936246
1270.0 6168.0 339.42648397825826 339.5231290743684 0.03238157174676463 0.08299585357901486 0.0048916194936977075
1271.0 6168.0 339.42651420940183 339.523145237709 0.08300918341545122 0.13425794457153825 0.004952211423612063
1272.0 6167.0 339.5231538634649 339.6229729655348 -0.07609518560568311 -0.018961735431413388 0.005703007496100879
1273.0 6168.0 339.523145481979 339.6229541587013 -0.018948464492483514 0.03381077599983123 0.005265829748082189
1274.0 6168.0 339.62297509393204 339.72029406109993 -0.07609805412001375 -0.017641481857210466 0.005688931086601992
1275.0 6168.0 339.6230133210654 339.7202933944494 -0.01762581748899584 0.03382549694661101 0.005005187425811831
1276.0 6167.0 339.52317540429084 339.6215892681482 0.03383974580055142 0.08496012743108397 0.005030951407624984
1277.0 6168.0 339.52314530464184 339.6216023085678 0.0849606678097759 0.1342652919485914 0.004854376539148904
1278.0 6168.0 339.62160595829926 339.7203017872647 0.03383231302997818 0.08473125908188212 0.005023510819974816
1279.0 6168.0 339.62161826065096 339.7203008147884 0.08474033500884312 0.13426155306658524 0.004886871205158097
1280.0 6167.0 338.31168001391165 338.38352611477234 0.1342694511001813 0.1978817279343863 0.004570274623608749
1281.0 6168.0 338.3116831101455 338.38352574634297 0.19788582315113273 0.2616076531792792 0.004577907212756752
1282.0 6167.0 338.3835356060275 338.46253508372223 0.13428408095988417 0.19935660283265924 0.005140673174589286
1283.0 6168.0 338.3835475557349 338.46253789222203 0.19937102258852918 0.26162357104933714 0.004917309717040254
1284.0 6167.0 338.3116981038376 338.38709563528187 0.26163455452506174 0.3201342889654603 0.004410678532529227
1285.0 6168.0 338.3116827215686 338.3870771928314 0.32013553479663687 0.3793851732168996 0.004467011730280097
1286.0 6168.0 338.38712870476337 338.4625181973907 0.2616355962188098 0.3191438082828907 0.004335459063878954
1287.0 6168.0 338.38711144321076 338.462539622478 0.31914722309001 0.3793759501989596 0.004542858612383418
1288.0 6167.0 338.4625762923857 338.5422724601114 0.134280089586517 0.2165726979076961 0.006558374211021069
1289.0 6168.0 338.4625455783126 338.5422590770085 0.2165740307741391 0.2720604015577065 0.004422972360749906
1290.0 6167.0 338.54229640123197 338.61513208638337 0.13429925257731942 0.21215303836963348 0.005670507477140733
1291.0 6168.0 338.5422724653005 338.6151217347516 0.2121773257119539 0.272077345987478 0.0043636335544205524
1292.0 6167.0 338.46257614377504 338.53996250841874 0.27207943847115473 0.3273365606672219 0.004276089139384301
1293.0 6168.0 338.4625550688192 338.53996605502215 0.32734003532045386 0.37936313357682205 0.0040270826193396225
1294.0 6168.0 338.5400076496844 338.6151303604497 0.27208019718570464 0.32531187136936035 0.0039988531788795
1295.0 6168.0 338.53998180874726 338.61510892248015 0.32531337145531825 0.37936885284907185 0.004060955361165546
1296.0 6167.0 338.3116778841583 338.3864303237653 0.3793860790808776 0.43298258171283877 0.004006368502881807
1297.0 6168.0 338.31167376397536 338.3864365722237 0.432985864244104 0.48810786419390306 0.004120942222147293
1298.0 6167.0 338.3864390327649 338.46352093211704 0.37939629597534463 0.43332313308634585 0.004156678332552593
1299.0 6168.0 338.38643833557916 338.46350788040735 0.43333762674169746 0.4881241013305513 0.0042222319857171085
1300.0 6167.0 338.3117090151413 338.388552220993 0.488128737881329 0.5444613129536156 0.00432859974318028
1301.0 6168.0 338.31170560522276 338.3885533205116 0.5444663201674351 0.6100737983544247 0.005041528633139138
1302.0 6168.0 338.38855726573377 338.4635226181497 0.48812626899110656 0.546843830840266 0.0044016029907013345
