apolo/data/log_tiling_2048.ecsv
# %ECSV 0.9
# ---
# datatype:
# - {name: tile, datatype: float64}
# - {name: n, datatype: float64}
# - {name: l_min, datatype: float64}
# - {name: l_max, datatype: float64}
# - {name: b_min, datatype: float64}
# - {name: b_max, datatype: float64}
# - {name: area, datatype: float64}
# schema: astropy-2.0
tile n l_min l_max b_min b_max area
[from data line 582]
582.0 6168.0 336.93167595142995 337.01076995771126 -0.2889098007754741 -0.20776065505100255 0.00641835021756217
583.0 6168.0 337.0107748113699 337.10509352601855 -0.28893686945514435 -0.20775377393945035 0.007657012651463611
584.0 6167.0 337.10511654749723 337.19045050314395 -0.5523516586713142 -0.48819134685693677 0.005474827196524427
585.0 6168.0 337.19045385289513 337.28005797124246 -0.5523532968873407 -0.488205674273203 0.005747653892592104
586.0 6168.0 337.10511245165833 337.1936957106084 -0.4881883823608189 -0.37689781271621475 0.009858198874092694
587.0 6168.0 337.19370029571553 337.2800917251575 -0.48818898530653504 -0.37688476346209265 0.009615455315685615
588.0 6167.0 337.1051115149739 337.20206397385516 -0.37686320824088176 -0.2933955021340129 0.00809226020009825
589.0 6168.0 337.1051083245703 337.2020673086441 -0.29338471325702276 -0.20779413409095057 0.008298695459294037
590.0 6168.0 337.2020711766643 337.28009365675473 -0.37686152563359787 -0.2970853198556853 0.006224229275738534
591.0 6168.0 337.202069383051 337.28008962661943 -0.297054191852761 -0.20775341983302495 0.006967199673699029
592.0 6167.0 336.93170334901265 337.0088197448861 -0.20772964985818462 -0.12425439754017602 0.006437283019168491
593.0 6168.0 337.0088295564152 337.1030396796691 -0.20773862116194 -0.12427073678409475 0.007863485974461407
594.0 6167.0 336.93167863397383 337.013428234254 -0.12422105068630192 -0.03365835471630111 0.0074034563984681605
595.0 6168.0 337.01344534195226 337.1030486674337 -0.12423127383219401 -0.033668131451123545 0.008114750174922542
596.0 6167.0 336.93171682500764 337.0139068479352 -0.03364724108569458 0.037894452818411785 0.005880013076234691
597.0 6168.0 336.9316753862608 337.01388469909523 0.037901368005977036 0.12144126031759096 0.006867749893236241
598.0 6168.0 337.01391052276057 337.10304684248933 -0.03363645661644321 0.04825021835875666 0.007299076161550824
599.0 6168.0 337.01391916993884 337.1030248979046 0.048260599260725845 0.12148590623137262 0.006524786680402553
600.0 6167.0 337.10305912719747 337.1966028765378 -0.2077420895065667 -0.12193665799229715 0.008026527809354558
601.0 6168.0 337.10306541272985 337.1965999239207 -0.12192995254083004 -0.032896956295380975 0.008327649344652077
602.0 6168.0 337.1966076306427 337.2800621942269 -0.20773200418874269 -0.11775066233823887 0.0075093225515173966
603.0 6168.0 337.1966478603579 337.28009375285154 -0.11773600761007368 -0.032871185690174935 0.007081614042779403
604.0 6167.0 337.1030780344546 337.18481497989177 -0.032863975902274495 0.052089384393549355 0.0069438274414090305
605.0 6168.0 337.10305456954507 337.1848666714807 0.05210072841647479 0.12147501952969486 0.005675649718396179
606.0 6168.0 337.184878182193 337.2800809812037 -0.03286355658744342 0.044312354345848105 0.007347362144936038
607.0 6168.0 337.1848837285477 337.28009071535126 0.044313022366105764 0.12147392738082631 0.007346249022027221
608.0 6167.0 337.280104668812 337.37926825232324 -0.5523548618689017 -0.45647153919179917 0.009507764306378659
609.0 6168.0 337.2801069549446 337.3792326250897 -0.45644555380513174 -0.35910788733551535 0.009648415896231983
610.0 6167.0 337.37931424795306 337.48031424930264 -0.5523527348145238 -0.4652150531155854 0.008800558131840233
611.0 6168.0 337.37927658981675 337.480319678743 -0.46519414612230287 -0.3590670887123853 0.010723126754362529
612.0 6167.0 337.28012552236873 337.3659440585002 -0.35902550073337336 -0.26067721982750874 0.008439981044284258
613.0 6168.0 337.28010476762466 337.36595326127986 -0.2606550695717929 -0.16625222958003216 0.008104284452866034
614.0 6168.0 337.36596092566026 337.4803183504568 -0.35906322750301606 -0.2743780027553928 0.009684235377592202
615.0 6168.0 337.3659548524432 337.480279332701 -0.274373784976124 -0.1661800674118316 0.012369097277887368
616.0 6167.0 337.480356479272 337.57394116158594 -0.5523364723500525 -0.4863606985906755 0.006174067840048916
617.0 6168.0 337.48033103300276 337.57393349670275 -0.48636030102486616 -0.4033644873950707 0.007768377790815667
618.0 6168.0 337.57395528907364 337.67416948349575 -0.5523418111875735 -0.4846461725477141 0.006783785718760709
619.0 6168.0 337.57395363553536 337.67416692990315 -0.4846274149385373 -0.40336761351359823 0.008143067214688349
620.0 6167.0 337.4803209824696 337.56258461841213 -0.4033643995581743 -0.29308599608985364 0.009071733485837327
621.0 6168.0 337.56259227141896 337.6741067179422 -0.40335633481676475 -0.2930846637776647 0.012296655360041061
622.0 6168.0 337.4803419981718 337.58879225861716 -0.2930660246732263 -0.16618148582258477 0.013760547964102395
623.0 6168.0 337.5887926324079 337.6741402745741 -0.29308077712588015 -0.1662334036446852 0.010826035063181185
624.0 6167.0 337.2801072546142 337.37827242838233 -0.16617950793953498 -0.08851178299909139 0.007624246299455019
625.0 6168.0 337.2800942560479 337.37826496169475 -0.08850579180976538 -0.01922870759636172 0.0068009768224047635
626.0 6167.0 337.3782768159757 337.47443822479244 -0.16616958274101537 -0.08877430869191291 0.00744241960336026
627.0 6168.0 337.37827399284055 337.4744401717778 -0.08876072072330449 -0.019226963561889427 0.0066867923538729305
628.0 6167.0 337.2801145418383 337.37897774994656 -0.01920792009564543 0.048218636993852176 0.006666005147283776
629.0 6168.0 337.2801192931281 337.3789789858307 0.048224294047590155 0.12148445283720108 0.007242468349367682
630.0 6168.0 337.3789922030365 337.4744528713735 -0.019215657258170996 0.052848264850438906 0.006879269417734736
631.0 6168.0 337.378982708307 337.47442977499 0.052865338626927 0.12145932034407876 0.006547086380182685
632.0 6167.0 337.4744793928762 337.5812500681376 -0.16617853628180063 -0.07820230566582069 0.009393259266317495
633.0 6168.0 337.4744584653298 337.58124040510177 -0.0781979448899849 -0.010573522161844966 0.007221064448966579
634.0 6168.0 337.58126095124857 337.6741791400819 -0.16612890412869197 -0.07637215823088855 0.008340014736640545
635.0 6168.0 337.58128099204987 337.6741770321207 -0.07634817197038092 -0.01059791677020696 0.006107936248434812
636.0 6167.0 337.4744568355495 337.5747378191264 -0.01056325807726859 0.05718125154397093 0.006793485098870562
637.0 6168.0 337.47446410556796 337.57476958410643 0.057183544109823334 0.12147780334098406 0.006449058262779034
638.0 6168.0 337.5748149955047 337.67417874056576 -0.010561899692572227 0.0571500501196487 0.006728111971152644
639.0 6168.0 337.5747837539126 337.67418047352083 0.057197916983778636 0.12146205033619228 0.006387635945328416
640.0 6167.0 337.6741888994664 337.7487301491753 -1.1555168134998282 -1.072488896517125 0.0061878343704309365
641.0 6168.0 337.6741889914458 337.7487315457995 -1.0724845603022062 -1.0010272425258007 0.005325738648319487
642.0 6167.0 337.7487679701126 337.8303016658299 -1.155567710194704 -1.070871806011548 0.006904266067429918
643.0 6168.0 337.74874108888116 337.830286370803 -1.0708673940337883 -1.0010205895328836 0.005694746052128669
644.0 6167.0 337.6741852772784 337.7505917876438 -1.0010133353191735 -0.9293835855626214 0.005472202307155164
645.0 6168.0 337.67419145545983 337.75059013181163 -0.9293751303474213 -0.85845559874159 0.005417498578899477
646.0 6168.0 337.75060720237116 337.8302957283408 -1.0010051331950631 -0.9318634732651174 0.005509012847677232
647.0 6168.0 337.75059742488554 337.8302957696012 -0.9318593227107527 -0.8584492916873978 0.005849943528006871
648.0 6167.0 337.83031630548294 337.91210404366507 -1.1556496459117234 -1.071961484682938 0.006843371562480166
649.0 6168.0 337.91211013041374 337.9855361594647 -1.1555342333676155 -1.0719675486355662 0.0061348100449367905
650.0 6168.0 337.8303133271437 337.9100437399396 -1.0719552189351067 -1.000358845144646 0.005707474641372063
651.0 6168.0 337.9100466865532 337.9855317756764 -1.0719533993627521 -1.000362216778603 0.005403182785857219
652.0 6167.0 337.830304027328 337.90907910599105 -1.0003499764820472 -0.9292254632317967 0.0056020444635399656
653.0 6168.0 337.8303121019143 337.9090831216219 -0.9292143934617173 -0.8584557370713576 0.005573052933232901
654.0 6168.0 337.9090984540185 337.9855412402193 -1.0003517524183916 -0.9309521290088917 0.0053043468093352565
655.0 6168.0 337.9091370366232 337.9855406653333 -0.9309504686150011 -0.8584505961959946 0.0055385776242378205
656.0 6167.0 337.6741845402061 337.75072862579094 -0.8583835150518798 -0.7922667860442357 0.005060319245405545
657.0 6168.0 337.6741888034283 337.75072555035115 -0.7922546498872881 -0.7237823906312209 0.0052401850358367
658.0 6167.0 337.75076922982606 337.82725359812105 -0.8584406577897075 -0.7908490298832228 0.005169167215418986
659.0 6168.0 337.7507346078828 337.8272239889253 -0.790823531413077 -0.7237846126452039 0.005127317203562202
660.0 6167.0 337.6741812987074 337.748794800468 -0.723777846660987 -0.6526615992203999 0.005305849123531799
661.0 6168.0 337.67418470502145 337.7487160179738 -0.6526596811760865 -0.5716381272855805 0.006038297639110289
662.0 6168.0 337.7487958251645 337.82726351755326 -0.7237574575683688 -0.652845180105807 0.005563920916183035
663.0 6168.0 337.74879950246054 337.8272637152325 -0.652836948117088 -0.5716288821642065 0.0063715626641941865
664.0 6167.0 337.82726980752466 337.9087450369519 -0.8584414027576275 -0.7890872976363088 0.005650057270568804
665.0 6168.0 337.8272688501681 337.9087323837374 -0.7890839899371775 -0.722653183375227 0.005411217020914718
666.0 6168.0 337.90876030447646 337.98552454345077 -0.8584350455819252 -0.7900231424045782 0.005251043992138095
667.0 6168.0 337.90875206134007 337.9855253570725 -0.7900162510332868 -0.7226356114783462 0.005172582775170347
668.0 6167.0 337.827264857918 337.91444911688257 -0.7226245223903515 -0.6649595023982688 0.005027113246742383
669.0 6168.0 337.8272803048747 337.9144484400604 -0.664945807771687 -0.5716451211041048 0.008132372431392091
670.0 6168.0 337.9144522069069 337.9855368999826 -0.7226250675924674 -0.6470880263581303 0.005369143424123654
671.0 6168.0 337.9144501548942 337.9855405354468 -0.6470846014906713 -0.571615294856826 0.005364837926957909
672.0 6167.0 337.98554141718927 338.0597206151875 -1.1553137869027268 -1.0710024835724221 0.006252963998150179
673.0 6168.0 338.05973447465374 338.13655836785995 -1.1547634705413174 -1.0709740685112512 0.00643581331617896
674.0 6167.0 337.98554490370105 338.06076997599007 -1.0709686520550745 -1.0028577887690788 0.005122805284229393
675.0 6168.0 338.0607777547091 338.13655498137234 -1.070972912516902 -1.002890732918365 0.005158233590338306
676.0 6167.0 337.985543920814 338.0620227841321 -1.0028390401806606 -0.9339356261500771 0.005268901813349188
677.0 6168.0 337.9855546516381 338.06200946441 -0.933925408727472 -0.8607480469245035 0.005594074982543823
678.0 6168.0 338.06203537583934 338.1365396213768 -1.0028554717193652 -0.9342160872588705 0.005113194613188209
679.0 6168.0 338.06202449494606 338.1365553305558 -0.9341990180166957 -0.8607356308570925 0.005474615580318408
680.0 6167.0 338.13656228112814 338.2160410038677 -1.1556975868422052 -1.0666833625504428 0.007073405691368459
681.0 6168.0 338.13655905234987 338.21606848881964 -1.0666634094370495 -0.9953277212820947 0.0056709417676920415
682.0 6168.0 338.21607641923026 338.31165265211627 -1.155742186263812 -1.06260152421721 0.008900364619072197
683.0 6168.0 338.2160812380239 338.3116628472144 -1.0625832782142852 -0.995353107889773 0.006424931268718683
684.0 6167.0 338.1365602543594 338.22045055637915 -0.9953242617396983 -0.9301480614331681 0.005466878988830992
685.0 6168.0 338.1365599425239 338.2204482378518 -0.9301418711564085 -0.8607451267058889 0.005820863297800424
686.0 6168.0 338.22046901874546 338.3116590492594 -0.9953230121903021 -0.9267439749468999 0.006252844434180604
687.0 6168.0 338.2204622027555 338.31164550529917 -0.9267387881353496 -0.8607327732864407 0.006017913883274347
688.0 6167.0 337.9855442955562 338.0580890812016 -0.8607287492003356 -0.7901713196819004 0.005118042089315703
689.0 6168.0 337.9855607289501 338.05809188534033 -0.7901542219537915 -0.717491493062936 0.005269855264783858
690.0 6167.0 338.0580961155171 338.1323200993995 -0.8607306989296432 -0.7867099347172175 0.005493547854956196
691.0 6168.0 338.05809653608145 338.1323144575313 -0.786708570884891 -0.7174506172538341 0.00513973823217858
692.0 6167.0 337.9855418253409 338.06128989863385 -0.71744976298725 -0.6463653583357651 0.005384125004545903
693.0 6168.0 337.9855439630819 338.0612956362398 -0.6463580333944716 -0.5716206503036416 0.005661161621336992
694.0 6168.0 338.06129722288506 338.1323316047335 -0.717379806374669 -0.6472330101805619 0.004982480685916687
695.0 6168.0 338.06130340502614 338.13232685811727 -0.6472191517357223 -0.571612498186123 0.0053695414766405615
696.0 6167.0 338.13233409012463 338.21765777661267 -0.8607279351601992 -0.7896646898291738 0.006062748827755006
697.0 6168.0 338.1323379966492 338.2176057780547 -0.7896633452962114 -0.7128972124082164 0.006545114648618109
698.0 6168.0 338.21765792319127 338.31161744503385 -0.8607138375724239 -0.7899318464985887 0.0066499516461532675
699.0 6168.0 338.2176659531458 338.3116691042574 -0.7899207294337338 -0.7129281333916685 0.00723692368005871
700.0 6167.0 338.13233417149837 338.221279401042 -0.7128902636561281 -0.6405541845845746 0.006433499965847988
701.0 6168.0 338.13241612425725 338.2212848172775 -0.6405365352753485 -0.5716243797877938 0.006123790191887503
702.0 6168.0 338.22130621266933 338.31166775345156 -0.71289676384342 -0.6418388173351767 0.006420456410565859
703.0 6168.0 338.22129302138586 338.3116636385908 -0.6418367018364867 -0.5716084335230263 0.0063462157273987295
704.0 6167.0 337.67418762338775 337.74540059016454 -0.5715891252193752 -0.4795936412221587 0.006550995000853268
705.0 6168.0 337.7454037124718 337.8333682164365 -0.5715772130168125 -0.4796212744045475 0.008088517314299284
706.0 6167.0 337.67421193413077 337.75980058494605 -0.47957582891202294 -0.3668361010470334 0.009648976424274591
707.0 6168.0 337.7598054264854 337.8333934985725 -0.47958725683345044 -0.36689445846781327 0.008292618176406598
708.0 6167.0 337.8334157138388 337.95959619881734 -0.5716001300767063 -0.4727057992058444 0.012478014901777548
709.0 6168.0 337.9596039870989 338.0330034664136 -0.5715847415282698 -0.47271219860804026 0.007256890913423045
710.0 6168.0 337.83342829797283 337.9406035410364 -0.47269896819331236 -0.36683167240873815 0.011346047040723629
711.0 6168.0 337.9406096438107 338.0329811836228 -0.4726940162729057 -0.3668451131526693 0.009777162375002387
712.0 6167.0 337.6741827051896 337.79385210248853 -0.36681202606403174 -0.22865261963806016 0.016533225669442576
713.0 6168.0 337.67420304074585 337.7938958282659 -0.2286488199547154 -0.14728112017169967 0.00973907357464699
714.0 6168.0 337.7939004229209 337.89499905779553 -0.36681795077265533 -0.23708249030945833 0.013115893008617562
715.0 6168.0 337.7938959924958 337.89500919587573 -0.2370482206975589 -0.1472807350697253 0.009076626052652033
716.0 6167.0 337.89502130639346 337.972988422882 -0.36683071596159195 -0.2617812677379002 0.008190278184495367
717.0 6168.0 337.9730155375144 338.03300033724867 -0.3668105215527463 -0.2617748697553183 0.006300446864112133
718.0 6168.0 337.8950278660868 337.9727664247664 -0.2617485153473011 -0.14729605227377532 0.008897311352504251
719.0 6168.0 337.97277752678457 338.0330054278225 -0.26177028992096185 -0.1472865064943789 0.006895072900431175
720.0 6167.0 338.0330128791135 338.097533120566 -0.5716022690551906 -0.4461356089550209 0.008094818316554548
721.0 6168.0 338.0975589216706 338.1665556577271 -0.5716007512420054 -0.4461383360213615 0.008656154007992009
722.0 6167.0 338.033006205014 338.1026806283018 -0.44610922163265776 -0.33304322094203037 0.00787762501193729
723.0 6168.0 338.10271623919107 338.16655254868687 -0.44613209802286313 -0.33305106575858223 0.007218507723903222
724.0 6167.0 338.1665616435557 338.237704462154 -0.5716057057806158 -0.44901796137789274 0.00872089008251536
