apolo/data/log_tiling_1024.ecsv
# %ECSV 0.9
# ---
# datatype:
# - {name: tile, datatype: float64}
# - {name: n, datatype: float64}
# - {name: l_min, datatype: float64}
# - {name: l_max, datatype: float64}
# - {name: b_min, datatype: float64}
# - {name: b_max, datatype: float64}
# - {name: area, datatype: float64}
# schema: astropy-2.0
tile n l_min l_max b_min b_max area
[from data line 289]
289.0 12335.0 337.00614958959136 337.1050925842244 -0.5523272395017353 -0.40094538185412226 0.014977651703136634
290.0 12335.0 336.9316828979061 337.1049854025516 -0.4009165826945811 -0.2889553592521928 0.01940280573925537
291.0 12336.0 336.93167595142995 337.10509352601855 -0.28893686945514435 -0.20775377393945035 0.014078442094526801
292.0 12335.0 337.10511654749723 337.28005797124246 -0.5523532968873407 -0.48819134685693677 0.011224119544670239
293.0 12336.0 337.10511245165833 337.2800917251575 -0.48818898530653504 -0.37688476346209265 0.019475373846345127
294.0 12335.0 337.1051083245703 337.2020673086441 -0.37686320824088176 -0.20779413409095057 0.01639254635771307
295.0 12336.0 337.202069383051 337.28009365675473 -0.37686152563359787 -0.20775341983302495 0.01319436063245093
296.0 12335.0 336.93170334901265 337.1030396796691 -0.20773862116194 -0.12425439754017602 0.014303819246635737
297.0 12335.0 336.93167863397383 337.1030486674337 -0.12423127383219401 -0.03365835471630111 0.01552146782985862
298.0 12335.0 336.9316753862608 337.0139068479352 -0.03364724108569458 0.12144126031759096 0.012753146523027118
299.0 12336.0 337.01391052276057 337.10304684248933 -0.03363645661644321 0.12148590623137262 0.013827028245647967
300.0 12335.0 337.10305912719747 337.1966028765378 -0.2077420895065667 -0.032896956295380975 0.016355626904950137
301.0 12336.0 337.1966076306427 337.28009375285154 -0.20773200418874269 -0.032871185690174935 0.014598413818144314
302.0 12335.0 337.10305456954507 337.1848666714807 -0.032863975902274495 0.12147501952969486 0.012626790034197333
303.0 12336.0 337.184878182193 337.28009071535126 -0.03286355658744342 0.12147392738082631 0.01469485397375501
304.0 12335.0 337.280104668812 337.37926825232324 -0.5523548618689017 -0.35910788733551535 0.019162447229581794
305.0 12335.0 337.37927658981675 337.480319678743 -0.5523527348145238 -0.3590670887123853 0.019529551726902614
306.0 12335.0 337.28010476762466 337.36595326127986 -0.35902550073337336 -0.16625222958003216 0.016549113271073744
307.0 12336.0 337.3659548524432 337.4803183504568 -0.35906322750301606 -0.1661800674118316 0.02205855075801027
308.0 12335.0 337.48033103300276 337.57394116158594 -0.5523364723500525 -0.4033644873950707 0.01394479774793901
309.0 12336.0 337.57395363553536 337.67416948349575 -0.5523418111875735 -0.40336761351359823 0.014929052106831271
310.0 12335.0 337.4803209824696 337.6741067179422 -0.4033643995581743 -0.2930846637776647 0.021370241714031932
311.0 12336.0 337.4803419981718 337.6741402745741 -0.29308077712588015 -0.16618148582258477 0.024592661392132537
312.0 12335.0 337.2800942560479 337.37827242838233 -0.16617950793953498 -0.01922870759636172 0.01442733816176269
313.0 12335.0 337.37827399284055 337.4744401717778 -0.16616958274101537 -0.019226963561889427 0.01413088784253026
314.0 12335.0 337.2801145418383 337.3789789858307 -0.01920792009564543 0.12148445283720108 0.013909464189171232
315.0 12336.0 337.378982708307 337.4744528713735 -0.019215657258170996 0.12145932034407876 0.013430254331800453
316.0 12335.0 337.4744584653298 337.5812500681376 -0.16617853628180063 -0.010573522161844966 0.01661728398835886
317.0 12336.0 337.58126095124857 337.6741791400819 -0.16612890412869197 -0.01059791677020696 0.014451636029264843
318.0 12335.0 337.4744568355495 337.57476958410643 -0.01056325807726859 0.12147780334098406 0.013245392657665096
319.0 12336.0 337.5747837539126 337.67418047352083 -0.010561899692572227 0.12146205033619228 0.013122738493955056
320.0 12335.0 337.6741888994664 337.7487315457995 -1.1555168134998282 -1.0010272425258007 0.011514018703457881
321.0 12335.0 337.74874108888116 337.8303016658299 -1.155567710194704 -1.0010205895328836 0.012602716334512423
322.0 12335.0 337.6741852772784 337.7505917876438 -1.0010133353191735 -0.85845559874159 0.010890902351477999
323.0 12336.0 337.75059742488554 337.8302957696012 -1.0010051331950631 -0.8584492916873978 0.011359965912032515
324.0 12335.0 337.83031630548294 337.9855361594647 -1.1556496459117234 -1.071961484682938 0.012987608635240636
325.0 12336.0 337.8303133271437 337.9855317756764 -1.0719552189351067 -1.000358845144646 0.01111126015540735
326.0 12335.0 337.830304027328 337.9090831216219 -1.0003499764820472 -0.8584557370713576 0.011176826195147151
327.0 12336.0 337.9090984540185 337.9855412402193 -1.0003517524183916 -0.8584505961959946 0.010845889908725835
328.0 12335.0 337.6741845402061 337.75072862579094 -0.8583835150518798 -0.7237823906312209 0.010301935594232295
329.0 12335.0 337.7507346078828 337.82725359812105 -0.8584406577897075 -0.7237846126452039 0.01030276005627442
330.0 12335.0 337.6741812987074 337.748794800468 -0.723777846660987 -0.5716381272855805 0.011350948549703407
331.0 12336.0 337.7487958251645 337.8272637152325 -0.7237574575683688 -0.5716288821642065 0.011936442111130962
332.0 12335.0 337.8272688501681 337.9087450369519 -0.8584414027576275 -0.722653183375227 0.011062450644435307
333.0 12336.0 337.90875206134007 337.9855253570725 -0.8584350455819252 -0.7226356114783462 0.010424775316216143
334.0 12335.0 337.827264857918 337.91444911688257 -0.7226245223903515 -0.5716451211041048 0.013162183825477377
335.0 12336.0 337.9144501548942 337.9855405354468 -0.7226250675924674 -0.571615294856826 0.01073465439513785
336.0 12335.0 337.98554141718927 338.13655836785995 -1.1553137869027268 -1.0709740685112512 0.012734322290346716
337.0 12335.0 337.98554490370105 338.13655498137234 -1.070972912516902 -1.0028577887690788 0.01028438510760279
338.0 12335.0 337.985543920814 338.0620227841321 -1.0028390401806606 -0.8607480469245035 0.010865517848519003
339.0 12336.0 338.06202449494606 338.1365553305558 -1.0028554717193652 -0.8607356308570925 0.01059090707461028
340.0 12335.0 338.13655905234987 338.21606848881964 -1.1556975868422052 -0.9953277212820947 0.012748667089399882
341.0 12336.0 338.21607641923026 338.3116628472144 -1.155742186263812 -0.995353107889773 0.015328312974326902
342.0 12335.0 338.1365599425239 338.22045055637915 -0.9953242617396983 -0.8607451267058889 0.011288442724291203
343.0 12336.0 338.2204622027555 338.3116590492594 -0.9953230121903021 -0.8607327732864407 0.012272592518715836
344.0 12335.0 337.9855442955562 338.05809188534033 -0.8607287492003356 -0.717491493062936 0.010390529459201337
345.0 12335.0 338.0580961155171 338.1323200993995 -0.8607306989296432 -0.7174506172538341 0.010633807142135637
346.0 12335.0 337.9855418253409 338.0612956362398 -0.71744976298725 -0.5716206503036416 0.011046409068316967
347.0 12336.0 338.06129722288506 338.1323316047335 -0.717379806374669 -0.571612498186123 0.010353832765781272
348.0 12335.0 338.13233409012463 338.21765777661267 -0.8607279351601992 -0.7128972124082164 0.012612269433732077
349.0 12336.0 338.21765792319127 338.3116691042574 -0.8607138375724239 -0.7129281333916685 0.013892194712237379
350.0 12335.0 338.13233417149837 338.2212848172775 -0.7128902636561281 -0.5716243797877938 0.012564898963922046
351.0 12336.0 338.22129302138586 338.31166775345156 -0.71289676384342 -0.5716084335230263 0.012768089556872503
352.0 12335.0 337.67418762338775 337.8333682164365 -0.5715891252193752 -0.4795936412221587 0.014643277994073788
353.0 12335.0 337.67421193413077 337.8333934985725 -0.47958725683345044 -0.3668361010470334 0.017947412863027534
354.0 12335.0 337.8334157138388 338.0330034664136 -0.5716001300767063 -0.4727057992058444 0.01973727515205312
355.0 12336.0 337.83342829797283 338.0329811836228 -0.47269896819331236 -0.36683167240873815 0.021125554400220247
356.0 12335.0 337.6741827051896 337.7938958282659 -0.36681202606403174 -0.14728112017169967 0.0262804498052377
357.0 12336.0 337.7938959924958 337.89500919587573 -0.36681795077265533 -0.1472807350697253 0.022197874166942955
358.0 12335.0 337.89502130639346 338.03300033724867 -0.36683071596159195 -0.2617748697553183 0.014495283715793715
359.0 12336.0 337.8950278660868 338.0330054278225 -0.26177028992096185 -0.1472865064943789 0.015796090024655953
360.0 12335.0 338.0330128791135 338.1665556577271 -0.5716022690551906 -0.4461356089550209 0.016754502246562282
361.0 12335.0 338.033006205014 338.16655254868687 -0.44613209802286313 -0.33304322094203037 0.015102254464223369
362.0 12335.0 338.1665616435557 338.31164600148463 -0.5716071277600943 -0.4489691035267429 0.017792149942242128
363.0 12336.0 338.16656094153205 338.31166531048177 -0.4489668200182288 -0.33305979934957664 0.0168182205747958
364.0 12335.0 338.0330102237419 338.16627201393703 -0.3330411949949115 -0.24072680219069736 0.012301825705607039
365.0 12336.0 338.0330251026783 338.1662784264216 -0.24071804950767656 -0.1473028200160836 0.01244781707676103
366.0 12335.0 338.1662919751826 338.31166952243456 -0.3330407116239581 -0.23679923200695546 0.013991175612492315
367.0 12336.0 338.16631404874386 338.31167374721036 -0.23679528555004478 -0.1472899317895893 0.013010396828484072
368.0 12335.0 337.67418375651437 337.7650623296805 -0.1472646334154613 0.002650323096458368 0.01362404260864084
369.0 12335.0 337.7650673367723 337.8627316836347 -0.14726065697769258 0.0026608033291411577 0.01464196566710677
370.0 12335.0 337.674187232951 337.77091978908715 0.002664932290615936 0.1214586412046911 0.01149121031667767
371.0 12336.0 337.77092287732955 337.86273007108946 0.002678483504128195 0.12148173952475942 0.01090698518860093
372.0 12335.0 337.86273422959465 337.9533263897917 -0.14728067832667074 0.0016957497685540894 0.013496081745860219
373.0 12336.0 337.953331153104 338.0242832788101 -0.14726784846324872 0.0016965548021880472 0.010569329561052297
374.0 12335.0 337.86273533623097 337.945532891689 0.0017007276359706706 0.12147231516439398 0.00991678712623281
375.0 12336.0 337.9455358732517 338.0243064561419 0.001701061319997669 0.12148246359721367 0.009435243706985562
376.0 12335.0 338.02432034862954 338.163413642713 -0.14727916555293258 -0.06994440697669062 0.010756726174209695
377.0 12335.0 338.0243072367009 338.16341298345014 -0.06993449783376238 -0.003056998644000489 0.009303042050126864
378.0 12335.0 338.02430776684116 338.0946136793353 -0.0030566743214238113 0.1214789560116729 0.008755584729699064
379.0 12336.0 338.0946196732203 338.163408323318 -0.0030481799825587447 0.12148531600471434 0.008566484819123506
380.0 12335.0 338.1634167981379 338.23942066881284 -0.14727937145075767 -0.002842201419574617 0.010977771664580008
381.0 12336.0 338.23942400209165 338.31167202848803 -0.14726636960282213 -0.002832031178660312 0.010435084180155802
382.0 12335.0 338.1634241756239 338.2355847298642 -0.002824695640791465 0.1214787336771221 0.008969797785904796
383.0 12336.0 338.23559531725937 338.3116733604985 -0.002827164899067205 0.12145317915751128 0.009454998469090028
384.0 12335.0 336.93168229130964 337.03398245728323 0.12149045992381773 0.24732500583719286 0.012872825670666978
385.0 12335.0 337.0339938619521 337.12604288176937 0.12148711824979029 0.24734769697724215 0.011585280564310836
386.0 12335.0 336.93167769785373 337.02687067166255 0.24735607076844596 0.35812024328515507 0.0105438221469025
387.0 12336.0 337.0268720097667 337.12604976668223 0.24734906498957218 0.35811638562684456 0.010985499345028188
388.0 12335.0 337.12605246932947 337.2215500797329 0.12149723582936235 0.24085433222225058 0.0113982584435686
389.0 12335.0 337.2215500939831 337.3173401628334 0.1214946078265722 0.2408472475496821 0.011432738354495129
390.0 12335.0 337.12606616442787 337.21884153397536 0.24087237479077903 0.35811770440502516 0.010877328280590298
391.0 12336.0 337.2188439865651 337.3173432941587 0.24086936828502784 0.3581287612131311 0.011549809200796596
392.0 12335.0 336.93168104368914 337.03149811297993 0.35814404407039485 0.4858325162671179 0.012745140754778969
393.0 12335.0 337.03150338547647 337.1264583616156 0.3581416996570478 0.4858347906444257 0.012124763040394239
394.0 12335.0 336.9316753605763 337.0269129714744 0.4858527919658099 0.6024847957350452 0.01110725050176825
395.0 12336.0 337.02691605097135 337.1264622569774 0.48584291114445666 0.6024752916120578 0.011609785347422906
396.0 12335.0 337.12648088300756 337.2230341136848 0.358158484611982 0.4904473429167694 0.012772563575582005
397.0 12336.0 337.22303908786716 337.3173395617135 0.3581404931665169 0.4904401040290567 0.012475571147430227
398.0 12335.0 337.12646931953475 337.2217071521869 0.4904576436191369 0.6024886186190618 0.010669100253319849
399.0 12336.0 337.2217192361537 337.31732719561313 0.49045237725226254 0.6024840106918053 0.010710626985754928
400.0 12335.0 337.3173505370602 337.4017646811117 0.12148657656953568 0.24776545470251793 0.010659665909730973
401.0 12335.0 337.4017675205455 337.49396442831915 0.12149499710062057 0.24774215268816133 0.011639534581256224
402.0 12335.0 337.31734386311075 337.3963109908099 0.247767578064964 0.3762704651545945 0.010147351299434943
403.0 12336.0 337.39631790062055 337.4939596262612 0.24777312111778985 0.3762625363444633 0.012545739569401535
404.0 12335.0 337.49396503570745 337.57567019373454 0.12149856275845482 0.2661646058023374 0.0118198911305361
405.0 12336.0 337.57568680106647 337.6628828380642 0.12149005002629408 0.26615939373979597 0.01261451791609518
406.0 12335.0 337.49397176765564 337.5767207794327 0.2661770090289889 0.37626007644054854 0.009109120485083956
407.0 12336.0 337.5767461845215 337.6628908000843 0.266168821055553 0.3762711570778953 0.009484572892530357
408.0 12335.0 337.3173533902672 337.40319504549734 0.376272678102549 0.4887126359215825 0.009651755565796859
409.0 12335.0 337.40319964003686 337.4930442403892 0.3762802330503918 0.48871865576657253 0.01010169572580177
410.0 12335.0 337.3173439999417 337.4028912990864 0.48872769005637495 0.6024874242799638 0.009731395173560583
411.0 12336.0 337.402893819185 337.4930476123058 0.488733752738663 0.6024507514907276 0.010251552296001745
412.0 12335.0 337.4930550270333 337.5738374715107 0.3762756314045895 0.4846569419979702 0.008755058800311202
413.0 12336.0 337.5738389530694 337.66288859914135 0.3762773759333427 0.4846593152609781 0.00965109950686373
414.0 12335.0 337.49305432235855 337.57566608591736 0.4846685455112647 0.6024919509991745 0.009733159552290883
415.0 12336.0 337.57566868388625 337.66289492162787 0.484666303617454 0.6024771627222961 0.010275733741542739
416.0 12335.0 336.9316724165171 337.028902589232 0.6025029350743645 0.713556719998798 0.010797064891256734
417.0 12335.0 337.0289108596526 337.1268755898072 0.6024968464326074 0.713539040488722 0.010877499487594602
418.0 12335.0 336.9316824005502 337.03310086002585 0.7135811760654627 0.8337547003228729 0.012186700366135
419.0 12336.0 337.0331089434694 337.1269020180818 0.7135608091103234 0.8337821770365521 0.011274901685702238
420.0 12335.0 337.1269100625381 337.213459602022 0.6025131028229666 0.7188216202905838 0.010065777687379903
421.0 12336.0 337.2134621137107 337.31235816483763 0.6025675698804928 0.718822393058231 0.01149637658014545
422.0 12335.0 337.12690496500426 337.21981626856945 0.7188239175906318 0.8337839907471797 0.010680108077041162
423.0 12336.0 337.219821574508 337.3123615537922 0.7188235378772219 0.833780603516043 0.010637146250648266
424.0 12335.0 336.93168428120885 337.0259746745104 0.8337909031026061 0.9699259938727204 0.012834638111235808
425.0 12335.0 337.02597708398525 337.12304931223946 0.8337848379819202 0.9699894964264263 0.013220048606402794
426.0 12335.0 336.93167847657276 337.0260898229342 0.969989507232952 1.13404031553224 0.01548564168195696
427.0 12336.0 337.02609600320187 337.12304142807426 0.969998466667409 1.1340447047937923 0.015900846078107937
428.0 12335.0 337.1230646901114 337.2176032688131 0.8337893317845934 0.970518474162842 0.012924573408379847
429.0 12336.0 337.21760964308 337.3123553453872 0.8337876353656122 0.9705123773073066 0.012952472867513507
430.0 12335.0 337.12305116565045 337.2143950564083 0.9705204746527482 1.1337471595740436 0.014907241667326607
431.0 12336.0 337.21440152833287 337.31236286924036 0.9705196921046897 1.1340849159517281 0.016020360878395052
