apolo/data/log_tiling_1024.ecsv
# %ECSV 0.9
# ---
# datatype:
# - {name: tile, datatype: float64}
# - {name: n, datatype: float64}
# - {name: l_min, datatype: float64}
# - {name: l_max, datatype: float64}
# - {name: b_min, datatype: float64}
# - {name: b_max, datatype: float64}
# - {name: area, datatype: float64}
# schema: astropy-2.0
tile n l_min l_max b_min b_max area
0.0 12335.0 335.54888608709194 335.64118172755144 -1.1554695970149278 -0.9964379869083906 0.014675331599693716
1.0 12335.0 335.64119307113157 335.72226686226594 -1.1554314139441024 -0.9964320021673702 0.012888408185367944
2.0 12335.0 335.54895135078755 335.6375357901423 -0.9964143161157037 -0.846599210798938 0.01326956690363583
3.0 12336.0 335.6375446666466 335.7222610438127 -0.9963865964791696 -0.8465976773164131 0.012687929817589712
4.0 12335.0 335.7222722473932 335.81544125250156 -1.1553010175346086 -1.0024275430068488 0.014240540376335207
5.0 12335.0 335.8154422941023 335.90325793596963 -1.1548930051650632 -1.0024334660967824 0.013385955811487932
6.0 12335.0 335.72228594084544 335.8162080069151 -1.0024107746352748 -0.8465980003150195 0.014632348135947042
7.0 12336.0 335.8162168829463 335.90328472307607 -1.0024270763887935 -0.8465973296765751 0.013565989056983061
8.0 12335.0 335.5488717994327 335.6378041241025 -0.8465830896383946 -0.6956401447814212 0.013422487400690812
9.0 12335.0 335.63780681539805 335.7338286722286 -0.8465833068156077 -0.6956478496833688 0.014491786107047292
10.0 12335.0 335.54893328098035 335.6452454365993 -0.6956338699655252 -0.5801771029374628 0.01111919905077219
11.0 12336.0 335.6452524391872 335.7338162943896 -0.6956338985121658 -0.5801834549825566 0.010224100925863136
12.0 12335.0 335.73383984115134 335.8233016332023 -0.8465810154454664 -0.7047060435420792 0.012691222974918981
13.0 12336.0 335.8233109281186 335.903269845846 -0.8465898558319921 -0.7046869075113186 0.011345363601594716
14.0 12335.0 335.73383010287375 335.8189498262565 -0.7046671589973731 -0.5801726861596426 0.010596266907642753
15.0 12336.0 335.8189734586049 335.9032806387489 -0.7046517945136369 -0.5801744977285515 0.010493668185105434
16.0 12335.0 335.9032872361698 335.9908950979711 -1.1554055501526022 -1.0126138555328879 0.012507432966159684
17.0 12335.0 335.99089772885145 336.078678893735 -1.1555153223906856 -1.0126277747690748 0.01254058709136569
18.0 12335.0 335.9032850965191 335.9935313166706 -1.0126116240071121 -0.8637790253012878 0.013429775045450242
19.0 12336.0 335.9935397050509 336.0786778896914 -1.012605141609276 -0.8637699267094712 0.012669857714561824
20.0 12335.0 336.07869793200354 336.16309140541097 -1.1555049078526984 -1.0022531979227154 0.012931147423156642
21.0 12336.0 336.16311199953304 336.25595309517524 -1.1553396537385654 -1.0022557191938428 0.014209956786654175
22.0 12335.0 336.0786896625637 336.1673985105729 -1.0022316281288308 -0.863781915840729 0.012280083161738594
23.0 12336.0 336.1674225708113 336.25595857620567 -1.0022407209265667 -0.8637781280354605 0.012257296565818707
24.0 12335.0 335.90329084767444 335.987118510847 -0.8637684007954349 -0.7059248759397659 0.0132304082805202
25.0 12335.0 335.9871342966404 336.0847265759114 -0.8637580319715015 -0.7059226017622026 0.015402069405109055
26.0 12335.0 335.90328721160546 335.9908747315631 -0.7059221110804744 -0.5801630581030942 0.011014227636492497
27.0 12336.0 335.990875646187 336.08472486718676 -0.705908387871532 -0.5801689728222658 0.011799800599222412
28.0 12335.0 336.0847571591905 336.1719488922065 -0.8637598543691999 -0.7132040186652813 0.013125977445329734
29.0 12336.0 336.1719619430957 336.2559554400867 -0.8637233739718968 -0.7131960324680154 0.012642117049207749
30.0 12335.0 336.08472906633284 336.1680500207334 -0.713175059420517 -0.5801640692939136 0.011081894281374892
31.0 12336.0 336.1680522256316 336.2559544618802 -0.7131796607410293 -0.5801812305000038 0.011690112171766028
32.0 12335.0 335.5488238349874 335.6413375118259 -0.5801629526171381 -0.4688827019271498 0.010294512138388483
33.0 12335.0 335.641342545097 335.7319341562339 -0.5801624341866544 -0.4688888946167496 0.010080025231552674
34.0 12335.0 335.5488743697199 335.6382173168347 -0.4688804158251416 -0.3467373966390154 0.010912338819948224
35.0 12336.0 335.6382321347275 335.7319333396745 -0.4688730403120324 -0.3467383677156907 0.011443873944483124
36.0 12335.0 335.7319352688018 335.8248350040434 -0.5801614612972461 -0.46946838701383664 0.010282924305896913
37.0 12336.0 335.82484459585163 335.92082418770724 -0.5801608780998526 -0.4694674212458372 0.010623865466954006
38.0 12335.0 335.7319383450165 335.833078705146 -0.4694570222900316 -0.34676237569600554 0.01240906357718405
39.0 12336.0 335.8330799001827 335.9208373056394 -0.46946659072889807 -0.3467417354595597 0.010769739624330685
40.0 12335.0 335.54880396270414 335.65872187704116 -0.3467369906135312 -0.20510349774212458 0.015567873652892226
41.0 12335.0 335.658726569135 335.74366985655115 -0.34671326958443754 -0.20504882156710863 0.012033301364791468
42.0 12335.0 335.54889540247444 335.65764275213576 -0.20503647993199592 -0.02771281641648204 0.019283430967098312
43.0 12336.0 335.6576509528263 335.74367703427436 -0.20504584312416554 -0.027708273793507338 0.015255618624102095
44.0 12335.0 335.74368093351706 335.83365591026757 -0.34670457746745353 -0.1991747718688864 0.01327383655011336
45.0 12336.0 335.833664937191 335.9208200648518 -0.3467334511267059 -0.19914718264601114 0.012862750566340795
46.0 12335.0 335.74367751286536 335.84282149151284 -0.19911290163323428 -0.027715885686973953 0.01699294246188129
47.0 12336.0 335.842830584565 335.92083833227144 -0.19913331141178592 -0.027709054411567444 0.013372389001870532
48.0 12335.0 335.92084568747043 336.0013280865455 -0.580155188780388 -0.4511514921172815 0.010382104328672561
49.0 12335.0 336.00132971169626 336.0809460334421 -0.5801389034343135 -0.45115170946499705 0.010269067883193438
50.0 12335.0 335.9208453243877 336.00003621897446 -0.4511387918434916 -0.3161211815387266 0.010691923201000856
51.0 12336.0 336.00004374035586 336.08092866150685 -0.45114901185117995 -0.3161146905983303 0.010921993069729052
52.0 12335.0 336.08095125265686 336.1657789670168 -0.5801533350412048 -0.4494910881765398 0.01108332992386109
53.0 12336.0 336.16578993864186 336.25592185545935 -0.5801454031590805 -0.4494919311947632 0.011775569947659508
54.0 12335.0 336.0809574692253 336.1681324412536 -0.4494889928202871 -0.31613411172629624 0.011624945931222538
55.0 12336.0 336.1681334545312 336.2559498998327 -0.4494796849918831 -0.31614970094077344 0.011708301270848407
56.0 12335.0 335.92083871558685 336.0101501290078 -0.3160944759892777 -0.1772131184455677 0.012403572368964501
57.0 12335.0 336.0101624828568 336.0996560389055 -0.31611360582490655 -0.1772180400725464 0.012430139862950832
58.0 12335.0 335.92084436981276 336.0069619244226 -0.17719935669902068 -0.027709639233837898 0.012873664673845884
59.0 12336.0 336.00697350477765 336.0996319421413 -0.17721195429564265 -0.0277346961530325 0.013850303081396613
60.0 12335.0 336.09966567617124 336.17923712847073 -0.31611051283104913 -0.18669989223050468 0.010297289706580674
61.0 12336.0 336.1792519972201 336.2559562021528 -0.31609902224008435 -0.1867041993491922 0.009925029360676772
62.0 12335.0 336.0996610105755 336.25595031121827 -0.18669797595516496 -0.11353058091228992 0.011435240976295856
63.0 12336.0 336.099683648024 336.25595395082485 -0.11352705137253587 -0.027723509494043317 0.01340853403124349
64.0 12335.0 336.2559719326031 336.4155383785344 -1.1554631340673416 -1.0674545982771744 0.014040565695926694
65.0 12335.0 336.2559662362741 336.41552501011 -1.0674450032558986 -0.9880991581181554 0.012658287932546133
66.0 12335.0 336.255960059534 336.3356010374059 -0.9880890759270589 -0.8352746950667792 0.012168742471211682
67.0 12336.0 336.33560207740834 336.415563652568 -0.9880895810912023 -0.8352808419463861 0.012217277056567647
68.0 12335.0 336.4155823667852 336.57947062778317 -1.1554659116765644 -1.0656491548972493 0.014717145548834163
69.0 12336.0 336.41556451727115 336.5794804114415 -1.065647331968614 -0.9879070982201356 0.012740812824125666
70.0 12335.0 336.415570018888 336.4951628092106 -0.9879008344404318 -0.8352709810321671 0.012146694796332931
71.0 12336.0 336.49516419041896 336.57948902522736 -0.987896609136364 -0.8352765888449779 0.012868025355108026
72.0 12335.0 336.2559635552251 336.3383787251306 -0.8352645428220298 -0.6998599864326108 0.011158385574152814
73.0 12335.0 336.33838354290003 336.416654441023 -0.8352336045588072 -0.6998468225215698 0.01059589174157452
74.0 12335.0 336.2559593730271 336.33801502315583 -0.6998368160843338 -0.5620666132024842 0.011304135391600837
75.0 12336.0 336.3380278074935 336.416642428027 -0.6998210621494495 -0.5620728804682039 0.010828361832706393
76.0 12335.0 336.4166563496758 336.49716642369873 -0.8352674760940513 -0.6995848119786798 0.010922838914797405
77.0 12336.0 336.49716665626335 336.57950886489704 -0.8352597114811923 -0.6995799099237001 0.011171169791860896
78.0 12335.0 336.41665892374994 336.49442667428497 -0.699573316533477 -0.5620723266848409 0.010692492013261078
79.0 12336.0 336.49442867870164 336.5795086653647 -0.6995710886157277 -0.5620731374133604 0.01169761202865808
80.0 12335.0 336.5795224729834 336.7493280738346 -1.1554246359789515 -1.0578837717556413 0.016559893660213314
81.0 12335.0 336.57951087997014 336.7492886625879 -1.0578815113362556 -0.9752642698765622 0.014024363136467616
82.0 12335.0 336.57952433760244 336.66422738842857 -0.9752555521380264 -0.8147796317792221 0.013591137201107646
83.0 12336.0 336.66423188961363 336.7493311588195 -0.9752607767413435 -0.8147888762956594 0.013654370855411366
84.0 12335.0 336.74933981872846 336.8365221139021 -1.155322646581465 -0.973262581443951 0.015869669385016518
85.0 12336.0 336.8365252532927 336.9316691873622 -1.1550487411953234 -0.9732888951825175 0.017290356836278702
86.0 12335.0 336.74933252020236 336.8338739049882 -0.973256554434013 -0.8147730945902789 0.013396775872331568
87.0 12336.0 336.8338843323936 336.9316624080865 -0.973247316910779 -0.8147689087919019 0.015493822547131617
88.0 12335.0 336.57951589281856 336.66561666698556 -0.8147665959784698 -0.6893194857438742 0.010800160746886823
89.0 12335.0 336.66563051135205 336.7538940697873 -0.8147611694022785 -0.6893190473151393 0.011071012132168904
90.0 12335.0 336.579517086083 336.6705835761529 -0.6893099483265146 -0.5620739751525868 0.011586240214992818
91.0 12336.0 336.6705911616582 336.75391364246275 -0.6893159890343613 -0.5620739293344348 0.010601489721413598
92.0 12335.0 336.7539240537314 336.84027923010746 -0.8147627256670759 -0.6811672814212753 0.01153567252042132
93.0 12336.0 336.8402879745582 336.9316717350065 -0.8147478345410534 -0.6811701371718387 0.01220578942853273
94.0 12335.0 336.7539152830673 336.84118503171896 -0.6811365799999158 -0.5621064724126451 0.010387114348720127
95.0 12336.0 336.8411873147494 336.9316665198755 -0.681164968552904 -0.5620796151431559 0.010774112045786018
96.0 12335.0 336.2559627800353 336.3410954003275 -0.5620563049934261 -0.4355493209036489 0.010769460730968981
97.0 12335.0 336.3411047603108 336.4266772406137 -0.562066386134619 -0.43556423026054486 0.010824690807328608
98.0 12335.0 336.25597140264034 336.341799481521 -0.43554085118296804 -0.294173613337369 0.01213302935642525
99.0 12336.0 336.3418021183917 336.42667494423716 -0.4355462048795979 -0.2941897760203653 0.011997073261408793
100.0 12335.0 336.42667739118235 336.50943876441454 -0.5620654703400404 -0.4323976776076852 0.010731078190788026
101.0 12336.0 336.5094458107992 336.5849240760338 -0.5620525837568336 -0.4324205896252994 0.009784027495973876
102.0 12335.0 336.4266800473194 336.5062005241188 -0.43239107234746815 -0.29419340034409625 0.010989321196468576
103.0 12336.0 336.50621028734463 336.58492088961555 -0.43237829572106706 -0.294165756647976 0.01087857089496527
104.0 12335.0 336.2559738043017 336.3424288214566 -0.29414944338936955 -0.16126800860726687 0.011488173421673216
105.0 12335.0 336.34243406479754 336.42659738059456 -0.2941632659141968 -0.16126698454027794 0.011184900853058424
106.0 12335.0 336.2559601640498 336.3414511707939 -0.1612621187182079 -0.027721360216905248 0.011416515776040782
107.0 12336.0 336.34145616366953 336.4265980243465 -0.1612644270133779 -0.02771029669330024 0.011371029120007963
108.0 12335.0 336.42660571125384 336.5053134251959 -0.29416397581508213 -0.1675317690343905 0.009966848580650433
109.0 12336.0 336.50531471981765 336.58491671292796 -0.29415645185387596 -0.16754083544463802 0.010078771567339022
110.0 12335.0 336.426598236895 336.5068731188022 -0.16750769153569878 -0.0277186211570299 0.011221532048136675
111.0 12336.0 336.50687836934753 336.58492329965105 -0.16751705576300338 -0.02771110826352345 0.010911126886694898
112.0 12335.0 336.5849333916701 336.670847003244 -0.562064797883563 -0.4473119296263086 0.009858449235673182
113.0 12335.0 336.6708529062416 336.76162197395166 -0.5620489635134072 -0.4473165014290273 0.01041375287805387
114.0 12335.0 336.58492840093777 336.6710076097077 -0.44729797539115107 -0.3192517948294001 0.011021865006197791
115.0 12336.0 336.67100818073084 336.76161362136173 -0.44730520875998436 -0.3192564490953136 0.011601652287822301
116.0 12335.0 336.7616239648812 336.8465772787567 -0.5620494149824404 -0.442780944470499 0.010131860440317924
117.0 12336.0 336.84658347018603 336.9316387774545 -0.5620641370707852 -0.4427791786935733 0.01014542688214404
118.0 12335.0 336.76162426808173 336.8481325169638 -0.44276469868942986 -0.31926195434012095 0.01068376784606473
119.0 12336.0 336.84813365218747 336.93167025739734 -0.4427624618599932 -0.31926079569380006 0.010316679819470055
120.0 12335.0 336.58493077429455 336.662254418698 -0.3192472973648578 -0.16587507896474954 0.011859189062535112
121.0 12335.0 336.66226039072205 336.7473082210188 -0.31924692351347983 -0.1658783425651456 0.013043544262770393
122.0 12335.0 336.5849397316685 336.66209699985274 -0.16585844958244655 -0.027713806037065112 0.010658845520813608
123.0 12336.0 336.6621058285831 336.74732071764464 -0.16586896008262103 -0.027717132854643684 0.011772572979958444
124.0 12335.0 336.74732840966453 336.8356402465427 -0.3192339739326362 -0.16195272986892292 0.013889668750707738
125.0 12336.0 336.8356519965989 336.93167198460895 -0.31924999747690264 -0.16194703052179618 0.015104091086670348
126.0 12335.0 336.7473230994635 336.8373818090506 -0.16193169776085284 -0.027715022803265755 0.01208736123466348
127.0 12336.0 336.8373844758921 336.931643660493 -0.16193696177922315 -0.027705356197910223 0.01265254146960399
128.0 12335.0 335.55056865739516 335.63762660907287 -0.027702711150452704 0.13897750629148828 0.014510826357334325
129.0 12335.0 335.63762703801245 335.73161909994235 -0.02769979626282165 0.1389733936641102 0.015665943880003363
130.0 12335.0 335.55436650810276 335.64363699236355 0.13898607100906143 0.2850646226364455 0.013040410223779803
131.0 12336.0 335.6436404642258 335.73162402142805 0.13898010810447756 0.28505970949280757 0.01285251148662095
132.0 12335.0 335.7316276380253 335.82924152555745 -0.027704765827740365 0.13090486791212752 0.015482491727145482
133.0 12335.0 335.82924350471114 335.90404236708673 -0.02770367737877526 0.1309163165027544 0.011864586490830201
134.0 12335.0 335.7316393536549 335.8195169109186 0.130923723826312 0.2850551306027871 0.0135445981977198
135.0 12336.0 335.81951882762183 335.90404010620347 0.13095626546508593 0.28502140751828753 0.013021693070658796
136.0 12335.0 335.554530664799 335.6442894476059 0.28507034612348187 0.398454061215425 0.010177001545916586
137.0 12335.0 335.6442970569385 335.73256715093885 0.28506787093633623 0.39844266681054397 0.010007424230182705
138.0 12335.0 335.55464989536705 335.64509430020104 0.39846783147706905 0.5144364565455475 0.010488378643676959
139.0 12336.0 335.64510148659525 335.7325563098303 0.39845406239963455 0.5144512774088237 0.01014419228394133
140.0 12335.0 335.7325725184175 335.8246238138658 0.28507078020969173 0.4014750366227083 0.010714968446006678
141.0 12336.0 335.82462436983394 335.9040264869456 0.2850741430735418 0.40147407910873306 0.009242233884881476
142.0 12335.0 335.7325675893031 335.8207223823749 0.40148634442319114 0.5144425900734074 0.009957314764688124
143.0 12336.0 335.82072563600315 335.9040284100092 0.4014761507670904 0.5144521333700215 0.009410910593244594
