apolo/data/log_tiling_1024.ecsv
# %ECSV 0.9
# ---
# datatype:
# - {name: tile, datatype: float64}
# - {name: n, datatype: float64}
# - {name: l_min, datatype: float64}
# - {name: l_max, datatype: float64}
# - {name: b_min, datatype: float64}
# - {name: b_max, datatype: float64}
# - {name: area, datatype: float64}
# schema: astropy-2.0
tile n l_min l_max b_min b_max area
[from data line 145]
145.0 12335.0 335.9828357893083 336.0691693429013 -0.02770381579948591 0.10714664480881306 0.011642113983159745
146.0 12335.0 335.90404731433534 335.9905847031708 0.10716537308451872 0.24021971652551982 0.011514119959595255
147.0 12336.0 335.990588582253 336.069162512328 0.1071528567568798 0.2402093520873582 0.010454721377388638
148.0 12335.0 336.069181741316 336.1474790285809 -0.027701276809958486 0.10852494424942088 0.010666138397918992
149.0 12336.0 336.14748629986667 336.2313162579154 -0.027694026207614283 0.10851061715363365 0.011418024010866881
150.0 12335.0 336.06917178373146 336.1460685679387 0.10852666848310069 0.24022654535147253 0.010127247879847902
151.0 12336.0 336.14607517282974 336.23132354275015 0.10853326444562791 0.2402272479189048 0.011226642951989782
152.0 12335.0 335.9040436158406 335.97549846495076 0.2402285604014412 0.37149512910819893 0.009379497161553006
153.0 12335.0 335.9755035041166 336.04640945927855 0.2402525524001358 0.3714951295407126 0.009305745648816564
154.0 12335.0 335.9040560935319 336.0464111576592 0.3715013140086744 0.4388553939809152 0.009587954075133558
155.0 12336.0 335.90406184411285 336.046385711065 0.43885720873996775 0.5144518945664617 0.010758554922649747
156.0 12335.0 336.0464145777053 336.1278306891793 0.24023776182621712 0.3731471563765119 0.010820808633584082
157.0 12336.0 336.12787259826626 336.2313234412311 0.24023976477029824 0.37315047367982956 0.01374952480868165
158.0 12335.0 336.04641250563077 336.1347820623033 0.3731650451105538 0.514439131326887 0.012483950693228182
159.0 12336.0 336.1347821586904 336.2313209456328 0.37315055953945186 0.5144493896133511 0.013640404993333029
160.0 12335.0 335.5542861689498 335.6522112014272 0.5144554724525916 0.648993510673751 0.013173959696996296
161.0 12335.0 335.65222393800053 335.7394619947347 0.5144543398823894 0.6489885640827371 0.011735896678607149
162.0 12335.0 335.5542983343916 335.65337312257293 0.6490161851378731 0.7840018614726132 0.013372628482910313
163.0 12336.0 335.653386993444 335.7394621286898 0.6490098090926089 0.7839994849098175 0.01161834339378857
164.0 12335.0 335.7394626081345 335.8198860242218 0.5144545591864738 0.6458129797238055 0.010563749073841252
165.0 12336.0 335.8198874908385 335.8989015639197 0.5144582589039784 0.645815639070374 0.010378547327291574
166.0 12335.0 335.7394622095544 335.8201419715845 0.6458231903221157 0.7840057731877433 0.011147667349543264
167.0 12336.0 335.82014335946286 335.89889273034333 0.6458166776093796 0.7839118087563566 0.010874055636144695
168.0 12335.0 335.5542341765085 335.6382872745443 0.7840242818849263 0.9367473481668543 0.012835395753185496
169.0 12335.0 335.6382873774038 335.7238150218842 0.7840266339538329 0.9367455811642081 0.013060215295257272
170.0 12335.0 335.7238150460847 335.81205460012393 0.7840147214330783 0.9367559564373513 0.0134762948945278
171.0 12336.0 335.81205656200063 335.89889960838985 0.7840406537821629 0.9367046398869892 0.013256306980476947
172.0 12335.0 335.55431609770636 335.73195974910436 0.9367653713884041 1.0285145779997102 0.01629626540631801
173.0 12336.0 335.5542054469855 335.73196278682605 1.0285184265736358 1.1340598276126956 0.018757415274874904
174.0 12335.0 335.7319929105849 335.89889509028274 0.9367569785700369 1.027360195388792 0.015119651564252285
175.0 12336.0 335.73196494586557 335.89890098127995 1.0273665701670198 1.1339925925989474 0.01779655682931677
176.0 12335.0 335.8989071760099 335.97439775125457 0.514511997682536 0.6499852302190223 0.010226421811177283
177.0 12335.0 335.97439785470647 336.05690416345294 0.5144548890427908 0.6499842295045521 0.011181445683582699
178.0 12335.0 335.89890342754586 335.97589834464924 0.6499914273258592 0.8020198676537784 0.011704474034205764
179.0 12336.0 335.9759046760756 336.0569121156541 0.649985450755738 0.8020045738390339 0.01231368774177612
180.0 12335.0 336.0569192426361 336.1451190816523 0.5144568531723073 0.6639866459568666 0.013187802521931927
181.0 12336.0 336.14511965468375 336.2313212474703 0.514452602705349 0.6639898806438861 0.012889666260708914
182.0 12335.0 336.0569178466725 336.1407428197871 0.6640042588061004 0.8020353717813858 0.011569504643898424
183.0 12336.0 336.1407462572632 336.2313197868485 0.664013006238275 0.8020214807688406 0.012498888679768182
184.0 12335.0 335.8989035953108 335.9803390869071 0.8020369559860436 0.954545604107935 0.012418153911039856
185.0 12335.0 335.9803440410664 336.0653987246587 0.8020378772395947 0.9545592823503078 0.012971131866151139
186.0 12335.0 335.8989085271676 336.0653960888849 0.9545684123210397 1.0384526436075814 0.013963567663673881
187.0 12336.0 335.89891841038286 336.0653769234862 1.0384545266453107 1.1340339527830325 0.015907148162442226
188.0 12335.0 336.06540062398204 336.1506452997392 0.8020694321662332 0.9560374427775452 0.013123404491482752
189.0 12336.0 336.15065821663256 336.231327233434 0.8020554938470891 0.956013142607794 0.012418146793778792
190.0 12335.0 336.0654014884137 336.23131191124685 0.9560469272100667 1.0365831183801404 0.013359772335025319
191.0 12336.0 336.06540432729946 336.23131470626953 1.03658357519138 1.134053542537357 0.016168376118242272
192.0 12335.0 336.2313343023644 336.323417466153 -0.027691920972859798 0.1187697096528991 0.013486642389871984
193.0 12335.0 336.32341757056463 336.40247306909487 -0.027684008444804065 0.11876953433966776 0.011577951026833504
194.0 12335.0 336.23133200432204 336.3135591352407 0.1187808294812126 0.28810017757654355 0.013922551371881087
195.0 12336.0 336.3135669799758 336.40247900740985 0.11877397284012516 0.2880988412781113 0.015054916970026538
196.0 12335.0 336.40247960313775 336.49227536182997 -0.027700488916356476 0.12040849993627759 0.013299550967770591
197.0 12336.0 336.4922782463742 336.56773081468384 -0.027697931098156294 0.12040328080140777 0.011174610039791229
198.0 12335.0 336.40248370362843 336.5677331144533 0.12040997886280541 0.19857219265353873 0.012916208734204997
199.0 12336.0 336.402504501976 336.567713698177 0.19857285715753392 0.2881079994659512 0.014791893979913746
200.0 12335.0 336.2313322750682 336.31311753037954 0.28812083272605266 0.4152686360036183 0.010398617517562214
201.0 12335.0 336.31312130324886 336.3998887466112 0.2881184299180853 0.4152844843875431 0.01103366329034192
202.0 12335.0 336.2313311150149 336.31964158973966 0.4153047627774616 0.5470686000327083 0.011635714102292645
203.0 12336.0 336.3196495125755 336.39990670542267 0.41534102637476994 0.5470799617731738 0.010572621916464152
204.0 12335.0 336.3999333530848 336.48084091579693 0.2881216858778704 0.4220420337594833 0.010834958405124964
205.0 12336.0 336.4808414309733 336.56771648683724 0.28810993857203526 0.42202883748278075 0.011633985774016602
206.0 12335.0 336.39991254955356 336.48147341570365 0.42204697852869283 0.5470673755932584 0.010196405199309859
207.0 12336.0 336.4814812888512 336.56773279460276 0.42204345087398465 0.5470750418744902 0.010783775192580966
208.0 12335.0 336.56774323986247 336.6528495191522 -0.027692732696751397 0.11396472750056656 0.012055932883737635
209.0 12335.0 336.65285133790036 336.749994803566 -0.02770297195310139 0.1139808592913364 0.013763650987818546
210.0 12335.0 336.5677391257633 336.6617124756281 0.11398357244660276 0.2560145210991002 0.0133470510373101
211.0 12336.0 336.6617148434682 336.74999472020494 0.11398109057256732 0.25603868863902834 0.012540758655346654
212.0 12335.0 336.74999940815434 336.84322800770246 -0.02770386928511186 0.11918871138669362 0.013694581465243421
213.0 12336.0 336.84323997845297 336.93167232627155 -0.02769521679469471 0.11918953364814315 0.012989355643014639
214.0 12335.0 336.7499949387163 336.8411218051141 0.11921497158054002 0.256038555140964 0.012468234603525846
215.0 12336.0 336.8411340058235 336.93166491339707 0.11919438122126912 0.25603466907729594 0.012388206092651033
216.0 12335.0 336.56773909684114 336.6580323605544 0.2560589696539158 0.41040351263416264 0.013936032607223009
217.0 12335.0 336.65803622510794 336.75348388144926 0.2560527639431049 0.4103754153440939 0.014729481849147456
218.0 12335.0 336.56775860290753 336.64623371437807 0.4104214126344311 0.5470758634071888 0.010723596352492074
219.0 12336.0 336.6462392491649 336.75348247467036 0.4104095821523927 0.547079686307877 0.014656427674538284
220.0 12335.0 336.7535101785096 336.8500500901383 0.2560465468974789 0.3954332938983462 0.013456163452159817
221.0 12336.0 336.8500610878141 336.93166985128744 0.25603970640482226 0.395456710698709 0.011377462638315775
222.0 12335.0 336.75349298662786 336.8423456145581 0.3954677253910044 0.547069766736006 0.013469780190107233
223.0 12336.0 336.84234873741923 336.9316717029825 0.39545966433531937 0.5470789482099654 0.013542622001959484
224.0 12335.0 336.23133614306727 336.318134833893 0.5471075489368872 0.6760099892879101 0.011187923367015462
225.0 12335.0 336.3181491766843 336.40120081049565 0.5470906284650452 0.6759897838198973 0.010704673417683858
226.0 12335.0 336.23133764993844 336.31776598057587 0.6760227986219474 0.8133654738910419 0.011869292687637915
227.0 12336.0 336.31776648486453 336.40119536131954 0.6760149403418453 0.8134383281999065 0.0114641076224172
228.0 12335.0 336.40120337919126 336.4876984975964 0.547090899840195 0.6771500783626251 0.011248839642682244
229.0 12336.0 336.4876994481545 336.57638513986797 0.5470885069215141 0.6771489331610479 0.011533838139586895
230.0 12335.0 336.40120496008177 336.4857502492711 0.6771619878328274 0.8134138798505841 0.011518478361209592
231.0 12336.0 336.4857558409148 336.5763859263234 0.6771745167368977 0.8134369180718393 0.012348425354168729
232.0 12335.0 336.23133575428216 336.3203348598448 0.8134536415852192 0.9563887091623525 0.012719572645539124
233.0 12335.0 336.32035114643116 336.4108050663061 0.8134493934821275 0.9563727970534059 0.012926436879254823
234.0 12335.0 336.2313354654011 336.326226792114 0.9563921399764393 1.1334450947389747 0.016797989214974305
235.0 12336.0 336.3262275832874 336.41081302681783 0.9564151264317421 1.1340791791972793 0.015025286073517795
236.0 12335.0 336.41081661096104 336.4918030923133 0.8134520246572461 0.9639150945517857 0.01218400537727151
237.0 12336.0 336.4918040317097 336.5763923599277 0.8135017976633843 0.9639243713641713 0.012722459778557887
238.0 12335.0 336.4108294296813 336.57638970593626 0.9639255424182814 1.0426787688703338 0.013036405952539274
239.0 12336.0 336.4108131074416 336.57638816413316 1.0426879621908154 1.1336086225252613 0.015051477063135825
240.0 12335.0 336.57639838925076 336.66041529169166 0.5470835648044658 0.6841852740241446 0.011518193250081481
241.0 12335.0 336.66041875002685 336.7524780835122 0.547086815190429 0.6841884857475888 0.012620756813091922
242.0 12335.0 336.576393511552 336.66385755037766 0.6841932196112336 0.8169551480391997 0.011610895522133445
243.0 12336.0 336.66385970612197 336.7524803935008 0.6841956232751005 0.8169355650701022 0.011762492925367565
244.0 12335.0 336.7524968273208 336.8480733421882 0.547084449139152 0.6832718677347284 0.01301556551633707
245.0 12336.0 336.8480779199313 336.9316665614362 0.5470900162688249 0.6832729520340338 0.011382687776593969
246.0 12335.0 336.75250065892885 336.84010322511074 0.6832795828108406 0.8169437001407103 0.01170831356501944
247.0 12336.0 336.84010359594157 336.9316720902135 0.6832759069516935 0.8168963365654626 0.012234370292213212
248.0 12335.0 336.5764016061026 336.66121106827956 0.8169607897240277 0.9673364872042817 0.01275173235766793
249.0 12335.0 336.66121125900776 336.75098091987854 0.8169938252844384 0.9673413893100733 0.013495009769368049
250.0 12335.0 336.57640236696903 336.66061340824365 0.9673536623974698 1.1336041936269867 0.0139977724507616
251.0 12336.0 336.66062252091655 336.75098521699556 0.9673546277143921 1.1340954788124484 0.015064614029719278
252.0 12335.0 336.7509923616894 336.8410998318597 0.8169795887220379 0.9670006250590121 0.013516374063177478
253.0 12336.0 336.8411013519684 336.93167157954673 0.8169972770964914 0.9670114831227455 0.013585170376457593
254.0 12335.0 336.7509929520201 336.84142052519496 0.9670244026715846 1.1340761410390208 0.015103538738455385
255.0 12336.0 336.8414313322908 336.9316700017282 0.9670197714569219 1.1337118920926204 0.015039542307633167
256.0 12335.0 336.93167381318483 337.06267295299523 -1.155405757159354 -0.9658895886823956 0.0248221900108045
257.0 12335.0 337.06267667083534 337.17024696447294 -1.1555255567291602 -0.9659035618150351 0.020394189017355374
258.0 12335.0 336.931678341991 337.05429964528406 -0.9658886958236964 -0.8055646584936866 0.019656787009446054
259.0 12336.0 337.0543051560988 337.17024610769187 -0.9658877310414157 -0.8055759164164082 0.01858447740792079
260.0 12335.0 337.17024943283786 337.34977580206953 -1.1556890541670717 -1.056273261047219 0.017844429154622674
261.0 12335.0 337.1702573707877 337.34979813347775 -1.0562696496552435 -0.9737026495842653 0.01482181491821947
262.0 12335.0 337.17026588759114 337.2617436659805 -0.9736951249194296 -0.8055909860552327 0.015375933937152288
263.0 12336.0 337.261747395273 337.34979608641277 -0.9737017007045887 -0.8055648543078401 0.014802439416268971
264.0 12335.0 336.93167381164824 337.05018064024574 -0.8055603733450527 -0.6723376959048292 0.015786480430914157
265.0 12335.0 337.0501989064773 337.15594428349254 -0.8055573993799433 -0.6723308599681933 0.014086915825354646
266.0 12335.0 336.93167235550203 337.0508945031335 -0.6723160821622938 -0.5523707166519833 0.014299324785009466
267.0 12336.0 337.0509230642791 337.15595172979806 -0.6723295632932935 -0.5523565233707344 0.012599886362003094
268.0 12335.0 337.1559612683498 337.25036857134523 -0.8055375161642511 -0.6695649070001134 0.012835740744928211
269.0 12336.0 337.25037084555896 337.34978182923896 -0.8055617254485525 -0.6695587655821931 0.013519064647516704
270.0 12335.0 337.1559605900368 337.25427723831257 -0.6695585708090244 -0.552363418822407 0.011521577464118572
271.0 12336.0 337.2542792613864 337.3497943945201 -0.669554712018453 -0.5523664551517001 0.011192613644786468
272.0 12335.0 337.3498038751293 337.52560112136143 -1.155796806023542 -1.0540139523362535 0.017889816075192317
273.0 12335.0 337.34980093995017 337.525603482361 -1.0540093526260776 -0.9726274837152894 0.01430490078362332
274.0 12335.0 337.3498040256684 337.4416868949832 -0.9726220007138501 -0.8349049040880201 0.012652264790265051
275.0 12336.0 337.44168794610465 337.52562685345356 -0.9726195664489453 -0.8349016108165467 0.011558453877649826
276.0 12335.0 337.52563064102463 337.6741390611143 -1.1557454667544211 -1.0628253356982085 0.013796834166244127
277.0 12336.0 337.525653477171 337.6741723808065 -1.0628209005061382 -0.9828487798236125 0.011875478183319186
278.0 12335.0 337.5256328229702 337.60008952072616 -0.9828284793103543 -0.834925940827263 0.011010946051425793
279.0 12336.0 337.6000932142037 337.6741757435782 -0.982848155158037 -0.8349012730829691 0.010958897252889588
280.0 12335.0 337.34981367284934 337.4292737600355 -0.8348995808369823 -0.6977187469140608 0.010899423500880788
281.0 12335.0 337.429276003104 337.512843571453 -0.8348946193092307 -0.6977442036268965 0.011460298884986822
282.0 12335.0 337.3498030549409 337.43310620914946 -0.6977039558058826 -0.55236615986996 0.012106373188903745
283.0 12336.0 337.43311120360676 337.5128403203498 -0.6977031613725067 -0.5523754338426864 0.011586158801972923
284.0 12335.0 337.5128477023873 337.59834057895006 -0.8348935127709675 -0.6922789683516029 0.012191441744742263
285.0 12336.0 337.59834961772856 337.67417874261486 -0.8348985636834511 -0.692284152268198 0.010813362849695588
286.0 12335.0 337.5128584754287 337.59539240749183 -0.6921918216366328 -0.5523631377382034 0.01153992759361132
287.0 12336.0 337.59540771340176 337.67418121500526 -0.692272635946857 -0.5523557795819224 0.011021087855891006
