apolo/data/log_tiling_2048.ecsv
# %ECSV 0.9
# ---
# datatype:
# - {name: tile, datatype: float64}
# - {name: n, datatype: float64}
# - {name: l_min, datatype: float64}
# - {name: l_max, datatype: float64}
# - {name: b_min, datatype: float64}
# - {name: b_max, datatype: float64}
# - {name: area, datatype: float64}
# schema: astropy-2.0
tile n l_min l_max b_min b_max area
[from data line 436]
436.0 6167.0 336.56778921601904 336.64623371437807 0.4104214126344311 0.4773640533107331 0.0052511239724484324
437.0 6168.0 336.56775860290753 336.6462163997008 0.47737191760112546 0.5470758634071888 0.00546859913647078
438.0 6168.0 336.6462392491649 336.75348247467036 0.4104095821523927 0.47663091714266487 0.00710157639299095
439.0 6168.0 336.6462492818587 336.75348050951175 0.47663847195635217 0.547079686307877 0.007553195997481419
440.0 6167.0 336.7535101785096 336.8500480345445 0.2560465468974789 0.32491769612070664 0.006648587241250703
441.0 6168.0 336.7535404447428 336.8500500901383 0.3249315408843055 0.3954332938983462 0.006803964310666561
442.0 6168.0 336.850074173161 336.93166985128744 0.25603970640482226 0.32910144060733165 0.005961443621761823
443.0 6168.0 336.8500610878141 336.93165744510503 0.32911207331242015 0.395456710698709 0.00541337221617272
444.0 6167.0 336.75349298662786 336.8423456145581 0.3954677253910044 0.4725834845525598 0.006851740746747256
445.0 6168.0 336.75349784514003 336.8423268927864 0.47259081813035536 0.547069766736006 0.006615631692765725
446.0 6168.0 336.8423519611888 336.9316717029825 0.39545966433531937 0.47598097112382143 0.007191933771378198
447.0 6168.0 336.84234873741923 336.93165668140637 0.47598853076121217 0.5470789482099654 0.006348685582550965
448.0 6167.0 336.23136606313943 336.318134833893 0.5471075489368872 0.6104585130375039 0.005496604542125278
449.0 6168.0 336.23133614306727 336.31812771054547 0.6104601978648658 0.6760099892879101 0.005688810319275191
450.0 6167.0 336.31816171213507 336.40111619487004 0.5470906284650452 0.608965361300727 0.00513252500805282
451.0 6168.0 336.3181491766843 336.40120081049565 0.6089799135121009 0.6759897838198973 0.005564929002262024
452.0 6167.0 336.23133764993844 336.31776485777823 0.6760227986219474 0.7449854583029851 0.005959791496494527
453.0 6168.0 336.2313453323332 336.31776598057587 0.7449930634240871 0.8133654738910419 0.005908241308384177
454.0 6168.0 336.3178093908415 336.40119536131954 0.6760149403418453 0.7443968249535015 0.005701651425002493
455.0 6168.0 336.31776648486453 336.40116756334044 0.7444083654121931 0.8134383281999065 0.005756640989150194
456.0 6167.0 336.40120928317714 336.4876984975964 0.547090899840195 0.612429083749727 0.005650758592999492
457.0 6168.0 336.40120337919126 336.48768869926727 0.6124349302412445 0.6771500783626251 0.0055965555895147335
458.0 6168.0 336.48769994492034 336.5763368890647 0.5470885069215141 0.6083345056754517 0.005428381958872818
459.0 6168.0 336.4876994481545 336.57638513986797 0.6083358743768158 0.6771489331610479 0.006102349361679541
460.0 6167.0 336.40120496008177 336.4857502492711 0.6771619878328274 0.7449291219659248 0.0057289504320436795
461.0 6168.0 336.4012253729771 336.4857438749331 0.7449365850486703 0.8134138798505841 0.005787062866456901
462.0 6168.0 336.4857558409148 336.5763859263234 0.6771745167368977 0.7460655539113495 0.0062431186467156756
463.0 6168.0 336.485762378779 336.57635338601534 0.746087566997937 0.8134369180718393 0.006100680183014408
464.0 6167.0 336.23133575428216 336.3203222622684 0.8134536415852192 0.8858147631280525 0.006438455129745829
465.0 6168.0 336.231337714723 336.3203348598448 0.8858187788719418 0.9563887091623525 0.0062797103561310335
466.0 6167.0 336.32035114643116 336.4107965855485 0.8134493934821275 0.8826210518307237 0.00625557536749247
467.0 6168.0 336.3203550644369 336.4108050663061 0.8826402797828411 0.9563727970534059 0.006668247063502108
468.0 6167.0 336.2313354654011 336.326226792114 0.9563921399764393 1.0318926380310554 0.007163263491037197
469.0 6168.0 336.2313376119293 336.3262257573848 1.0319172891741415 1.1334450947389747 0.009632063995251194
470.0 6168.0 336.3262492676016 336.4108072311596 0.9564151264317421 1.0370079301092514 0.006813731688164622
471.0 6168.0 336.3262275832874 336.41081302681783 1.0370122981875034 1.1340791791972793 0.008208970617282145
472.0 6167.0 336.4108184456663 336.4918030923133 0.8134520246572461 0.8854937152507104 0.005833629259167981
473.0 6168.0 336.41081661096104 336.4917633164659 0.8854979523752451 0.9639150945517857 0.0063467821467177
474.0 6168.0 336.4918182316583 336.5763923599277 0.8135017976633843 0.8861523811020562 0.0061436834944160025
475.0 6168.0 336.4918040317097 336.5763866677444 0.8861669767146517 0.9639243713641713 0.006576067740703156
476.0 6167.0 336.4108294296813 336.49265467988954 0.9639289327179922 1.0426787688703338 0.006442736633949246
477.0 6168.0 336.4926592227617 336.57638970593626 0.9639255424182814 1.042671554843961 0.0065924303008677645
478.0 6168.0 336.4108131074416 336.49698595150124 1.0426889186810844 1.1336086225252613 0.007833395722348625
479.0 6168.0 336.49700787389463 336.57638816413316 1.0426879621908154 1.1333989640720072 0.007199366599983202
480.0 6167.0 336.57639838925076 336.66039795367436 0.5470835648044658 0.6154155741428415 0.005739563323285822
481.0 6168.0 336.57640133477486 336.66041529169166 0.6154309922990224 0.6841852740241446 0.005775947430913321
482.0 6167.0 336.66041875002685 336.75247780736936 0.547086815190429 0.6185925833943596 0.006582412602183999
483.0 6168.0 336.66042365399665 336.7524780835122 0.6186222903358723 0.6841884857475888 0.006035268310441815
484.0 6167.0 336.576405980002 336.663852278466 0.6841932196112336 0.7501953687159905 0.005771191150688852
485.0 6168.0 336.576393511552 336.66385755037766 0.7501963222027195 0.8169551480391997 0.005838450172591754
486.0 6168.0 336.66385970612197 336.7524803935008 0.6841956232751005 0.749890828291794 0.005821497997792694
487.0 6168.0 336.66388877513356 336.75246102973233 0.7499469903806283 0.8169355650701022 0.005932774091548836
488.0 6167.0 336.7525045718404 336.8480534370664 0.547084449139152 0.6149524019345943 0.006484372076140674
489.0 6168.0 336.7524968273208 336.8480733421882 0.6150045942963891 0.6832718677347284 0.00652432893553351
490.0 6168.0 336.8480779199313 336.9316595388029 0.5470900162688249 0.6141387033886753 0.0056037497546775495
491.0 6168.0 336.8480942458995 336.9316665614362 0.6141514984496161 0.6832729520340338 0.005776269325197469
492.0 6167.0 336.75255476192524 336.8400841616565 0.6832795828108406 0.750825604267051 0.005911799376533696
493.0 6168.0 336.75250065892885 336.84010322511074 0.7508431850957616 0.8169437001407103 0.005790032479675504
494.0 6168.0 336.84010359594157 336.93166208021984 0.6832759069516935 0.7500501516514931 0.006113270035723152
495.0 6168.0 336.8401074374682 336.9316720902135 0.7500547590523822 0.8168963365654626 0.006119753292756589
496.0 6167.0 336.5764016061026 336.66121106827956 0.8169607897240277 0.8889805655826046 0.0061072812224312704
497.0 6168.0 336.57640615216314 336.6612094481042 0.8890003576449605 0.9673364872042817 0.006642289807480442
498.0 6167.0 336.66121125900776 336.75098091987854 0.8169938252844384 0.887798548709571 0.006355412223052165
499.0 6168.0 336.66121478697045 336.7509594691773 0.8878086284707584 0.9673413893100733 0.00713670643658507
500.0 6167.0 336.57640895216497 336.66061340824365 0.9673536623974698 1.045512826070663 0.006580334044838265
501.0 6168.0 336.57640236696903 336.6606120067302 1.0455302333062035 1.1336041936269867 0.007415334740069684
502.0 6168.0 336.66062637804845 336.7509814001494 0.9673546277143921 1.048064131455749 0.0072913805160774985
503.0 6168.0 336.66062252091655 336.75098521699556 1.0480741981896364 1.1340954788124484 0.007771704741492521
504.0 6167.0 336.751010361443 336.8410984861534 0.8169795887220379 0.8897383990078057 0.006553977336146832
505.0 6168.0 336.7509923616894 336.8410998318597 0.8897499682984147 0.9670006250590121 0.006959946976777569
506.0 6168.0 336.8411120472987 336.93166033441105 0.8169972770964914 0.891329789743653 0.006729933300420233
507.0 6168.0 336.8411013519684 336.93167157954673 0.8913379505837483 0.9670114831227455 0.006852867327708095
508.0 6167.0 336.7509939804789 336.84142052519496 0.9670244026715846 1.0461807425188636 0.007156729119729283
509.0 6168.0 336.7509929520201 336.84141092586646 1.0461884876080532 1.1340761410390208 0.007945184459720117
510.0 6168.0 336.8414313322908 336.9316700017282 0.9670197714569219 1.0429071702806165 0.006846924037208753
511.0 6168.0 336.84144202214713 336.93166062377014 1.0429168775218247 1.1337118920926204 0.008189920718382596
512.0 6167.0 336.93168186056766 337.0626488639187 -1.155405757159354 -1.051606000674223 0.0135918199296888
513.0 6168.0 336.93167381318483 337.06267295299523 -1.0515771607190219 -0.9658895886823956 0.011223257570567337
514.0 6167.0 337.06267667083534 337.17024696447294 -1.1555255567291602 -1.0462346644162872 0.011754281555930045
515.0 6168.0 337.0626860376651 337.1702436580465 -1.046221645025394 -0.9659035618150351 0.00863748946055525
516.0 6167.0 336.9316923093817 337.05424702980815 -0.9658886958236964 -0.8871126199624944 0.009653116984562173
517.0 6168.0 336.931678341991 337.05429964528406 -0.8871035900189655 -0.8055646584936866 0.009997318443366633
518.0 6168.0 337.0543541678457 337.17024610769187 -0.9658877310414157 -0.8780288644202802 0.010180815301770485
519.0 6168.0 337.0543051560988 337.17022584263515 -0.8780286027907028 -0.8055759164164082 0.00839785811825609
520.0 6167.0 337.17024943283786 337.26463184888917 -1.1556890541670717 -1.0562813866472918 0.009380586740705804
521.0 6168.0 337.2646386845914 337.34977580206953 -1.155567449269267 -1.056273261047219 0.008452045195729087
522.0 6167.0 337.1702573707877 337.258498893335 -1.0562572590932258 -0.9737026495842653 0.007283600815792206
523.0 6168.0 337.25850522807065 337.34979813347775 -1.0562696496552435 -0.9737108194903707 0.007535852221389854
524.0 6167.0 337.17026588759114 337.2617436659805 -0.9736951249194296 -0.8928039664244228 0.007398761272200649
525.0 6168.0 337.1702695400379 337.26173521185837 -0.8927980109228697 -0.8055909860552327 0.00797557227324739
526.0 6168.0 337.26176249668316 337.34979078750104 -0.9737017007045887 -0.890852733668055 0.00729208691257632
527.0 6168.0 337.261747395273 337.34979608641277 -0.8908521107416394 -0.8055648543078401 0.007508607740751038
528.0 6167.0 336.93167611579696 337.05018064024574 -0.8055603733450527 -0.7392282484418125 0.007859942220351752
529.0 6168.0 336.93167381164824 337.0501381470154 -0.7392223150259429 -0.6723376959048292 0.007922840365863916
530.0 6167.0 337.0502172207736 337.15594428349254 -0.8055573993799433 -0.7322471497937374 0.007750178898056106
531.0 6168.0 337.0501989064773 337.15591240072047 -0.732235418514836 -0.6723308599681933 0.006332244215618848
532.0 6167.0 336.93167235550203 337.05087878011904 -0.6723160821622938 -0.6050066345830285 0.008023219659587138
533.0 6168.0 336.9316843436074 337.0508945031335 -0.60500209902129 -0.5523707166519833 0.006273875256190849
534.0 6168.0 337.0509230642791 337.1559336883841 -0.6723295632932935 -0.6100823200071502 0.006536212219491612
535.0 6168.0 337.05093257273865 337.15595172979806 -0.610070753942332 -0.5523565233707344 0.006060787739948555
536.0 6167.0 337.1559702225612 337.25036857134523 -0.8055375161642511 -0.7363910914170608 0.006526717015037135
537.0 6168.0 337.1559612683498 337.2502874285409 -0.7363889642473337 -0.6695649070001134 0.006302781947525304
538.0 6168.0 337.2503722312002 337.34978182923896 -0.8055617254485525 -0.7332125053093368 0.007191557974065639
539.0 6168.0 337.25037084555896 337.3497797740639 -0.7332099106118812 -0.6695587655821931 0.0063270177076911556
540.0 6167.0 337.1559669285607 337.25427723831257 -0.6695585708090244 -0.608677351089191 0.0059848789257407765
541.0 6168.0 337.1559605900368 337.2542763889808 -0.6086744489207582 -0.552363418822407 0.005535979525675637
542.0 6168.0 337.2542792613864 337.34976933181025 -0.669554712018453 -0.611436242767625 0.005549389727178983
543.0 6168.0 337.25428597549876 337.3497943945201 -0.6114224727116623 -0.5523664551517001 0.005640055740239667
544.0 6167.0 337.3498038751293 337.43309736012867 -1.1557268730484627 -1.0540230552662448 0.008469689289731413
545.0 6168.0 337.43310837237993 337.52560112136143 -1.155796806023542 -1.0540139523362535 0.009412424273033557
546.0 6167.0 337.34980093995017 337.44303214854966 -1.0540093526260776 -0.9726274837152894 0.007586142786469164
547.0 6168.0 337.4430411986703 337.525603482361 -1.0539954621572905 -0.9726606668987335 0.00671413567722863
548.0 6167.0 337.3498118705359 337.44166848616044 -0.9726220007138501 -0.904483114688818 0.006258167367714275
549.0 6168.0 337.3498040256684 337.4416868949832 -0.9044752647582281 -0.8349049040880201 0.006391587581172214
550.0 6168.0 337.44168794610465 337.52561459084524 -0.9726195664489453 -0.9037099122553917 0.005782580447821668
551.0 6168.0 337.44171048639316 337.52562685345356 -0.9036885367507064 -0.8349016108165467 0.005771684219108659
552.0 6167.0 337.52563064102463 337.60564351862934 -1.1557454667544211 -1.0628253356982085 0.007433412885339457
553.0 6168.0 337.6056679862402 337.6741390611143 -1.155500368234838 -1.0628335641949611 0.006343806110887591
554.0 6168.0 337.525653477171 337.60260729517756 -1.0628209005061382 -0.9828784601953516 0.00615089523669888
555.0 6168.0 337.6026136484819 337.6741723808065 -1.0627891459913288 -0.9828487798236125 0.005719519336614681
556.0 6167.0 337.5256328229702 337.60008141226405 -0.9828284793103543 -0.9067931823844095 0.0056599505573556004
557.0 6168.0 337.5256432700773 337.60008952072616 -0.9067802429316427 -0.834925940827263 0.005348665157510104
558.0 6168.0 337.60010201892624 337.6741459975101 -0.982848155158037 -0.9066099249246692 0.005644214122963267
559.0 6168.0 337.6000932142037 337.6741757435782 -0.9065951856999366 -0.8349012730829691 0.0053106527032501
560.0 6167.0 337.34981367284934 337.4292737600355 -0.8348995808369823 -0.7653957049759395 0.005522245159539128
561.0 6168.0 337.34982331292815 337.42925957556804 -0.765391616198039 -0.6977187469140608 0.005375241331785188
562.0 6167.0 337.429276003104 337.512843571453 -0.8348946193092307 -0.7661413910332702 0.005744978980772368
563.0 6168.0 337.42928020444987 337.5128180522214 -0.7661387332764455 -0.6977442036268965 0.005713065262862899
564.0 6167.0 337.3498030549409 337.4330990838621 -0.6977039558058826 -0.631899049475255 0.0054809181135681085
565.0 6168.0 337.3498056829433 337.43310620914946 -0.6318931163146307 -0.55236615986996 0.006624283021260377
566.0 6168.0 337.43311120360676 337.5127906927079 -0.6977031613725067 -0.6285208440615231 0.005512042185746846
567.0 6168.0 337.4331152487149 337.5128403203498 -0.6285020273116009 -0.5523754338426864 0.006068875414582995
568.0 6167.0 337.5128493855183 337.5983356557959 -0.8348935127709675 -0.7646237225319401 0.006006516709325416
569.0 6168.0 337.5128477023873 337.59834057895006 -0.7646206864795939 -0.6922789683516029 0.006184201320663351
570.0 6168.0 337.5983626151962 337.67417874261486 -0.8348985636834511 -0.7655281538552332 0.005258882571107687
571.0 6168.0 337.59834961772856 337.67417330342835 -0.7655230559228259 -0.692284152268198 0.005552793861877125
572.0 6167.0 337.5128584754287 337.59537196307645 -0.6921918216366328 -0.6267267605443674 0.00540139242413045
573.0 6168.0 337.51289294119414 337.59539240749183 -0.6267209429626182 -0.5523631377382034 0.0061341540812987405
574.0 6168.0 337.59540771340176 337.6741758135728 -0.692272635946857 -0.6242067069326696 0.005361069791111643
575.0 6168.0 337.595410584478 337.67418121500526 -0.6241697197453118 -0.5523557795819224 0.0056565308257610514
576.0 6167.0 336.93167826118815 337.0061441860162 -0.5523549950628444 -0.48021508721007927 0.005371746511294561
577.0 6168.0 336.93167623680426 337.0061428674708 -0.4802025331039743 -0.40098521613497634 0.005898871801283324
578.0 6167.0 337.00618687043493 337.1050925842244 -0.5523272395017353 -0.4877209287305715 0.006389669756273972
579.0 6168.0 337.00614958959136 337.1050578299335 -0.4877110749190106 -0.40094538185412226 0.008581583148954146
580.0 6167.0 336.9316828979061 337.00255468810013 -0.4009165826945811 -0.2889553592521928 0.00793474728100808
