apolo/data/log_tiling_1024.ecsv
# %ECSV 0.9
# ---
# datatype:
# - {name: tile, datatype: float64}
# - {name: n, datatype: float64}
# - {name: l_min, datatype: float64}
# - {name: l_max, datatype: float64}
# - {name: b_min, datatype: float64}
# - {name: b_max, datatype: float64}
# - {name: area, datatype: float64}
# schema: astropy-2.0
tile n l_min l_max b_min b_max area
[from data line 578]
578.0 12335.0 339.1485822014309 339.3217906409505 -1.1557791330116092 -1.0473151420594087 0.01878340387256006
579.0 12336.0 339.1485920627258 339.3218105782018 -1.047313905910009 -0.9432394258160937 0.01802490464364156
580.0 12335.0 338.98687837238134 339.1442191926832 -0.9432336904065346 -0.8346737852044759 0.017078846161074666
581.0 12336.0 338.98689605226195 339.14423453050415 -0.8346735541033438 -0.7300136171463253 0.01646549785359581
582.0 12335.0 339.1442825313181 339.32180517108856 -0.943230751310643 -0.8298425483445379 0.020126560301989754
583.0 12336.0 339.14423808893997 339.32181267676316 -0.8298221805798159 -0.7300182960903405 0.017720989511076587
584.0 12335.0 339.32184464650027 339.50484490707447 -1.1557019520428922 -1.0426579937364215 0.020683263776552996
585.0 12335.0 339.3218142322767 339.5048183009946 -1.042650963778144 -0.9221575475394307 0.022047540067005617
586.0 12335.0 339.5048626868476 339.7202880745382 -1.1556272073657363 -1.0250121689849723 0.028132694597673705
587.0 12336.0 339.5048529401001 339.7203004575065 -1.0249962709214482 -0.9221504298301374 0.022154679417547153
588.0 12335.0 339.32182249470696 339.4109961629755 -0.9221299832808907 -0.7300110769383301 0.017130159030741388
589.0 12336.0 339.4109970858878 339.53078431566234 -0.9221179129273748 -0.7300265403672215 0.023007691100288007
590.0 12335.0 339.5307916600939 339.72030878165225 -0.9221388810773306 -0.8161813167531503 0.02007845928790069
591.0 12336.0 339.53079228683816 339.72029973151996 -0.8161692128849428 -0.7300108995960277 0.016326153967290813
592.0 12335.0 338.9868968846568 339.0987150810546 -0.7300070355243563 -0.5508918697689946 0.020027075404052064
593.0 12335.0 339.0987443513375 339.18815740346474 -0.7299941435169564 -0.5508693936758989 0.016015083560390574
594.0 12335.0 339.18818556468557 339.3535797476837 -0.730005092722528 -0.638253097004038 0.015174162987619083
595.0 12336.0 339.188169219764 339.35358305585817 -0.6382365189229464 -0.5508590795718027 0.014452657876659383
596.0 12335.0 338.9868916286974 339.13828856565067 -0.5508433506083834 -0.45903840206020874 0.013898446778641741
597.0 12336.0 338.98686054988684 339.1383549997559 -0.4590293480503609 -0.36028981172125835 0.014958107539191124
598.0 12335.0 339.13837705228786 339.2239355242059 -0.5508580533789205 -0.3602937677678399 0.016303866159406936
599.0 12336.0 339.22394960695823 339.3535778929131 -0.5508464120558626 -0.3602939915471798 0.024700191458160218
600.0 12335.0 339.3535846277405 339.4573271242097 -0.7299952972155405 -0.5518702938850907 0.018477968904279815
601.0 12335.0 339.45732726220245 339.5450778580052 -0.7299645992145913 -0.5518526584029335 0.01562844482054135
602.0 12335.0 339.54509272647715 339.7202963885807 -0.7300076467540016 -0.6419551941972894 0.015426004948532392
603.0 12336.0 339.54511431971395 339.72030697403403 -0.6419380749221983 -0.5518583029152839 0.015780456357164928
604.0 12335.0 339.3535862939529 339.5393061762311 -0.5518424605243282 -0.4371861603570271 0.021293157901779363
605.0 12336.0 339.3535847809376 339.53929719614996 -0.4371758623972638 -0.36029002310812336 0.014278308078895002
606.0 12335.0 339.53932110072986 339.72028953105183 -0.5518492038770558 -0.44645001555139174 0.01907319917090458
607.0 12336.0 339.53930850742296 339.72029566035775 -0.4464355844637577 -0.3602898683373293 0.015590880067389203
608.0 12335.0 338.9868611710406 339.073032446528 -0.3602795845921572 -0.19189634597428865 0.014509624767300102
609.0 12335.0 339.07304015193114 339.1707822804521 -0.3602884117372499 -0.1919181002379151 0.01645667562481349
610.0 12335.0 338.9868744611313 339.0786159062843 -0.19189206058889385 -0.045757573663735514 0.01340655655252812
611.0 12336.0 339.07861922283365 339.17079141438626 -0.19189374021926453 -0.045766963012770646 0.013468792681944172
612.0 12335.0 339.17079483812165 339.343825999101 -0.36028640704613896 -0.26964414717581514 0.01568369684781547
613.0 12336.0 339.17080233010756 339.3438777101167 -0.26963129315952494 -0.17354543231589767 0.01662997056106723
614.0 12335.0 339.17079831139904 339.25605103601805 -0.17352870315885008 -0.04575435279703132 0.01089308930284349
615.0 12336.0 339.25605119761013 339.34387365848124 -0.17354452699391806 -0.04575663142831219 0.01122262458065273
616.0 12335.0 338.98687043471386 339.075598353036 -0.04574059430323926 0.0492823861108935 0.008431190274634747
617.0 12335.0 339.0756021658788 339.16414402973584 -0.04575216891657843 0.0492844034689969 0.008414714284965392
618.0 12335.0 338.9868642078629 339.075024389013 0.04929338712212051 0.13423990553901988 0.007488890160484951
619.0 12336.0 339.0750701154258 339.1641426735146 0.04928677675169144 0.13424487904715662 0.007567425102672989
620.0 12335.0 339.1641489504666 339.2537585205331 -0.04574188550324427 0.04826552341896657 0.00842396254964589
621.0 12336.0 339.253768839221 339.34387733837815 -0.04574895930331027 0.04826740640546468 0.008471672657754312
622.0 12335.0 339.16415170353787 339.2551483104929 0.048275565756258514 0.13426423582054794 0.00782466655045255
623.0 12336.0 339.2551590610489 339.34387204424434 0.048269928262145725 0.13426670336417781 0.007629020069302361
624.0 12335.0 339.34388067303024 339.4441301991271 -0.3602842668865309 -0.22728232700380283 0.013333203175280557
625.0 12335.0 339.4441320392244 339.5260601130417 -0.36028742321443086 -0.22728746592405055 0.010896284628834215
626.0 12335.0 339.34388142799145 339.43508168727857 -0.22728210405174284 -0.07610990072158993 0.013786891820152037
627.0 12336.0 339.4350856365622 339.5260755162467 -0.22727338587360457 -0.07611129210786709 0.01375416853108565
628.0 12335.0 339.5260765816063 339.61374301719957 -0.3602699113693806 -0.23192916586659998 0.01125102310346508
629.0 12336.0 339.61374379023306 339.72030844092967 -0.36025869623144174 -0.23194749721341262 0.013673252652216576
630.0 12335.0 339.5261095665432 339.62756759528594 -0.23192836048477644 -0.07610886808308229 0.015809076548118944
631.0 12336.0 339.62758560849375 339.720309057526 -0.23192728736650406 -0.0761199553397477 0.014446936557913001
632.0 12335.0 339.3438838169804 339.42662455999107 -0.07609866712582007 0.032362469580378916 0.00897415304527076
633.0 12335.0 339.4266250373245 339.52314465181263 -0.07608769206732022 0.03237956672392721 0.010469215678208089
634.0 12335.0 339.3438843803458 339.42647364711223 0.03237983677175491 0.1342667797954671 0.008414757910528994
635.0 12336.0 339.42648397825826 339.523145237709 0.03238157174676463 0.13425794457153825 0.009847486795991161
636.0 12335.0 339.523145481979 339.6229729655348 -0.07609518560568311 0.03381077599983123 0.010971633145781761
637.0 12336.0 339.62297509393204 339.72029406109993 -0.07609805412001375 0.03382549694661101 0.010697644088694412
638.0 12335.0 339.52314530464184 339.6216023085678 0.03383974580055142 0.1342652919485914 0.009887586486292227
639.0 12336.0 339.62160595829926 339.7203017872647 0.03383231302997818 0.13426155306658524 0.009911935164719742
640.0 12335.0 338.31168001391165 338.38352611477234 0.1342694511001813 0.2616076531792792 0.009148696832860854
641.0 12335.0 338.3835356060275 338.46253789222203 0.13428408095988417 0.26162357104933714 0.010060048727473724
642.0 12335.0 338.3116827215686 338.38709563528187 0.26163455452506174 0.3793851732168996 0.008879776748231762
643.0 12336.0 338.38711144321076 338.462539622478 0.2616355962188098 0.3793759501989596 0.008880800015775242
644.0 12335.0 338.4625455783126 338.5422724601114 0.134280089586517 0.2720604015577065 0.01098472293844905
645.0 12335.0 338.5422724653005 338.61513208638337 0.13429925257731942 0.272077345987478 0.010038394137594454
646.0 12335.0 338.4625550688192 338.53996605502215 0.27207943847115473 0.37936313357682205 0.008304801228509637
647.0 12336.0 338.53998180874726 338.6151303604497 0.27208019718570464 0.37936885284907185 0.00806245562293113
648.0 12335.0 338.31167376397536 338.3864365722237 0.3793860790808776 0.48810786419390306 0.008128111838206798
649.0 12335.0 338.38643833557916 338.46352093211704 0.37939629597534463 0.4881241013305513 0.008380780124995284
650.0 12335.0 338.31170560522276 338.3885533205116 0.488128737881329 0.6100737983544247 0.009370767169770203
651.0 12336.0 338.38855726573377 338.4635226181497 0.48812626899110656 0.610066789118503 0.00914089255446593
652.0 12335.0 338.463530516671 338.53801589692955 0.3793923394526401 0.484158668570009 0.00780333719504695
653.0 12336.0 338.53801909578016 338.6151281302057 0.3793993505706158 0.4841558821274753 0.008077444506903848
654.0 12335.0 338.4635290486607 338.53429415120803 0.48416681485549096 0.6100475487117164 0.00890755513762533
655.0 12336.0 338.53430824426204 338.6151297215985 0.48415953036906895 0.6100576932808723 0.010174809583836325
656.0 12335.0 338.61514040962817 338.7226499120591 0.1342683440789024 0.24303316459148874 0.011693186596012274
657.0 12335.0 338.615135462267 338.7226467490364 0.24303413157796835 0.32642618913559207 0.008965475917435673
658.0 12335.0 338.7226518651355 338.8196507451213 0.13428438410035354 0.232770774475116 0.009553019375777195
659.0 12336.0 338.7226717096975 338.8196499258811 0.23277152599663886 0.32642364826619585 0.009082106609429081
660.0 12335.0 338.8196596075467 338.9171469020835 0.13427595298067346 0.21854768671999208 0.00821538364642016
661.0 12336.0 338.81965332786416 338.9171448663213 0.21856825762958326 0.32638809298308696 0.01051140120912826
662.0 12335.0 338.9171481735084 339.0163853246907 0.13427417688850127 0.21411171349315042 0.00792281243342276
663.0 12336.0 338.91716196327815 339.0163886784671 0.2141129008867377 0.3264300499547399 0.011144735983413227
664.0 12335.0 338.6151404140073 338.686948534322 0.32643934264284313 0.4522334211954334 0.00903282596499965
665.0 12335.0 338.68697875577357 338.7883688264364 0.3264332858154754 0.45219749355155475 0.012750944989517113
666.0 12335.0 338.61513215395337 338.6854100496154 0.45225047166268084 0.6100733485233367 0.011090979555632326
667.0 12336.0 338.6854105856784 338.7883562437436 0.4522334866686788 0.610075931269696 0.01624849096672044
668.0 12335.0 338.788369607529 338.8861363021241 0.32643120753730015 0.451778421782852 0.012254497776354165
669.0 12336.0 338.8861419659236 339.0163888023317 0.3264401806036657 0.45185086005869085 0.016333964243981522
670.0 12335.0 338.7884041273837 338.9013655816919 0.45185981878955084 0.6100269225641346 0.017866013271143406
671.0 12336.0 338.9013716229633 339.016390616134 0.45186411489449874 0.6100782421173762 0.01819684242829987
672.0 12335.0 338.31167661586875 338.4048676274803 0.610086730025758 0.730902176641558 0.01125814068743649
673.0 12335.0 338.4048723684041 338.4930494004698 0.6100856665703331 0.7309003154676367 0.010652345766834038
674.0 12335.0 338.3116907153483 338.405517680502 0.7309069813766694 0.8506864169140221 0.011237468449931436
675.0 12336.0 338.40552115134034 338.4930498086249 0.7309149914817891 0.8506885895741892 0.010482621772710423
676.0 12335.0 338.4930514925565 338.5784555854905 0.6100812503672135 0.7275126437447058 0.01002843664126908
677.0 12336.0 338.5784595320652 338.66098149872045 0.6100827035872284 0.7275582412567175 0.009693650230095458
678.0 12335.0 338.4930533546436 338.57758808585135 0.7275666947076267 0.8506619300526781 0.010404833729541417
679.0 12336.0 338.5775950960468 338.66096201585754 0.7275747277413286 0.8506886904101207 0.01026265641947308
680.0 12335.0 338.31167772291747 338.4002750743881 0.8507158362057262 0.9851413722358435 0.011908215335506345
681.0 12335.0 338.400291910918 338.4859664575254 0.8506896943636406 0.9851459419637234 0.011517997131651874
682.0 12335.0 338.3116744634789 338.39795657503413 0.9851609634820778 1.1341640393882864 0.012854097707769975
683.0 12336.0 338.3979983304252 338.4859701509804 0.9851482237725473 1.1341761607184428 0.013108013113482472
684.0 12335.0 338.48597192865526 338.57414564951836 0.8506964391163885 0.9832343380772933 0.011684860519217351
685.0 12336.0 338.57415823893115 338.6609734970476 0.8506886915557683 0.983235968557315 0.011505649880481517
686.0 12335.0 338.4859703950136 338.5781213247115 0.9832368489751655 1.1325819226151927 0.013759937637901676
687.0 12336.0 338.5781339411206 338.6609811684005 0.9832490956477848 1.1328849033450448 0.012394794503671343
688.0 12335.0 338.66098695043775 338.7447587657009 0.6100928869694681 0.7321332564439847 0.010222840039591525
689.0 12335.0 338.74476121556705 338.8282977440334 0.610111986522602 0.7321313528378488 0.010192373099584836
690.0 12335.0 338.6609816202758 338.74732723256415 0.7321430697957679 0.8681706490876315 0.011744236521875553
691.0 12336.0 338.74733494945593 338.8282972693875 0.7321377836681118 0.8681499392283363 0.011010783289707409
692.0 12335.0 338.8282983183826 338.9170621841921 0.6100794983064399 0.7509748088956913 0.012505527139654509
693.0 12336.0 338.91706560973716 339.0163868618184 0.6101185657795393 0.7509758342258538 0.01398912987935653
694.0 12335.0 338.8283020970481 338.9238305394274 0.7509890667913648 0.8681772526521557 0.011193685385122613
695.0 12336.0 338.9238337510322 339.0163885732459 0.7509786619261108 0.8681674286884252 0.01084530086652761
696.0 12335.0 338.6609849627459 338.7551752129749 0.8682233862361758 0.9933570140171821 0.011784810125736376
697.0 12335.0 338.7551783689629 338.8410724348301 0.8681988180686018 0.9933540337315028 0.010748669737679562
698.0 12335.0 338.6609863193513 338.7563804646458 0.993364260064764 1.1327420128298977 0.013293529891577989
699.0 12336.0 338.75639808229175 338.84107326947924 0.9933689198808883 1.1327566305507242 0.01180064611097757
700.0 12335.0 338.84107638131616 338.92799998726946 0.8681814578344483 0.9974396114999874 0.01123409342282942
701.0 12336.0 338.92800563339813 339.0163936124337 0.8681988357481512 0.9974281661934895 0.011420803162164818
702.0 12335.0 338.8410738751864 338.9285165806984 0.9974501260881059 1.1327822922323452 0.011831763294202928
703.0 12336.0 338.9285377121806 339.0163859018012 0.9974488511663742 1.1327554149348737 0.01188438016471664
704.0 12335.0 339.01639390929347 339.10810996288575 0.13427762656562783 0.21853529526965398 0.007727743534513747
705.0 12335.0 339.1081132621679 339.1934273566583 0.1342754002917706 0.21853866356004667 0.007188809283303325
706.0 12335.0 339.01639429445447 339.10694253103327 0.21854086315559082 0.3153220036768729 0.00876326546349139
707.0 12336.0 339.1069623060311 339.1934274419794 0.21853884573574847 0.3153176253920862 0.008367898535029904
708.0 12335.0 339.19343977168717 339.28124496332765 0.1342758393177438 0.21937202986204277 0.007471851049349206
709.0 12336.0 339.19343020103906 339.28123458267777 0.21937761807425113 0.31533581859888477 0.008425457747003326
710.0 12335.0 339.28124661379553 339.3782926651914 0.13427534409634212 0.22355215789386926 0.008663919143352556
711.0 12336.0 339.2812473405996 339.37827603767465 0.22355316115731005 0.315337570922879 0.008905622262190792
712.0 12335.0 339.0164012150359 339.1289298842201 0.315355178469806 0.44025167654537156 0.01405412839140101
713.0 12335.0 339.1289356104291 339.21739445464175 0.3153393343497634 0.44024493304771767 0.011048762520174057
714.0 12335.0 339.0164003426419 339.11740444918405 0.4402612377756198 0.5670651239584757 0.012807215765806311
715.0 12336.0 339.1174192652387 339.21742240048434 0.44025317620791843 0.5670551873383054 0.01268010615915935
716.0 12335.0 339.21742697376936 339.30361212512474 0.31534621769111093 0.43464575339235084 0.010281626468363983
717.0 12336.0 339.30362047285195 339.3782920514341 0.31533976617364795 0.4346388913036508 0.008908061598639118
718.0 12335.0 339.21743477160555 339.2953628453969 0.4346510386754352 0.5670660628146957 0.010318451215296214
719.0 12336.0 339.2953680369866 339.37828483096354 0.4346467018459684 0.5670463496482439 0.010977732445861593
720.0 12335.0 339.3782965072971 339.4578174993246 0.13428267450393697 0.2444423469584738 0.008759957242948067
