apolo/data/files/log_tiling_bf2.ecsv
# %ECSV 0.9
# ---
# datatype:
# - {name: tile, datatype: float64}
# - {name: n, datatype: float64}
# - {name: l_min, datatype: float64}
# - {name: l_max, datatype: float64}
# - {name: b_min, datatype: float64}
# - {name: b_max, datatype: float64}
# - {name: area, datatype: float64}
# schema: astropy-2.0
tile n l_min l_max b_min b_max area
[from data line 146]
146.0 4829.0 335.78213729603743 335.8488039627041 -0.7558935383163514 -0.6892268716496848 0.004444090779103791
147.0 5136.0 335.78213729603743 335.8488039627041 -0.6892268716496848 -0.6225602049830181 0.004444152985155406
148.0 4760.0 335.78213729603743 335.8488039627041 -0.6225602049830181 -0.5558935383163515 0.004444209174468087
149.0 5260.0 335.78213729603743 335.8488039627041 -0.5558935383163515 -0.4892268716496848 0.004444259346965742
150.0 5463.0 335.78213729603743 335.8488039627041 -0.4892268716496848 -0.42256020498301816 0.004444303502580449
151.0 3900.0 335.78213729603743 335.8488039627041 -0.42256020498301816 -0.3558935383163515 0.004444341641252433
152.0 3335.0 335.78213729603743 335.8488039627041 -0.3558935383163515 -0.28922687164968486 0.00444437376293006
153.0 4803.0 335.78213729603743 335.8488039627041 -0.28922687164968486 -0.2225602049830182 0.004444399867569846
154.0 4076.0 335.78213729603743 335.8488039627041 -0.2225602049830182 -0.15589353831635155 0.004444419955136438
155.0 2735.0 335.78213729603743 335.8488039627041 -0.15589353831635155 -0.0892268716496849 0.004444434025602642
156.0 3155.0 335.78213729603743 335.8488039627041 -0.0892268716496849 -0.02256020498301825 0.00444444207894942
157.0 4011.0 335.78213729603743 335.8488039627041 -0.02256020498301825 0.0441064616836484 0.004444444115165857
158.0 3847.0 335.78213729603743 335.8488039627041 0.0441064616836484 0.11077312835031505 0.004444440134249203
159.0 2781.0 335.78213729603743 335.8488039627041 0.11077312835031505 0.1774397950169817 0.004444430136204842
160.0 4095.0 335.78213729603743 335.8488039627041 0.1774397950169817 0.24410646168364836 0.004444414121046317
161.0 5062.0 335.78213729603743 335.8488039627041 0.24410646168364836 0.310773128350315 0.004444392088795302
162.0 5446.0 335.78213729603743 335.8488039627041 0.310773128350315 0.37743979501698166 0.004444364039481639
163.0 5452.0 335.78213729603743 335.8488039627041 0.37743979501698166 0.4441064616836483 0.004444329973143282
164.0 5742.0 335.78213729603743 335.8488039627041 0.4441064616836483 0.510773128350315 0.00444428988982637
165.0 5169.0 335.78213729603743 335.8488039627041 0.510773128350315 0.5774397950169816 0.004444243789585153
166.0 5299.0 335.78213729603743 335.8488039627041 0.5774397950169816 0.6441064616836483 0.0044441916724820675
167.0 5139.0 335.78213729603743 335.8488039627041 0.6441064616836483 0.7107731283503149 0.00444413353858767
168.0 4802.0 335.78213729603743 335.8488039627041 0.7107731283503149 0.7774397950169816 0.004444069387980625
169.0 4507.0 335.78213729603743 335.8488039627041 0.7774397950169816 0.8441064616836482 0.0044439992207478286
170.0 3952.0 335.78213729603743 335.8488039627041 0.8441064616836482 0.9107731283503151 0.004443923036984274
171.0 3712.0 335.78213729603743 335.8488039627041 0.9107731283503151 0.9774397950169815 0.004443840836793055
172.0 3510.0 335.78213729603743 335.8488039627041 0.9774397950169815 1.044106461683648 0.004443752620285514
173.0 3055.0 335.78213729603743 335.8488039627041 1.044106461683648 1.1107731283503148 0.00444365838758108
174.0 921.0 335.78213729603743 335.8488039627041 1.1107731283503148 1.1774397950169817 0.004443558138807332
175.0 3821.0 335.8488039627041 335.91547062937076 -1.1558935383163513 -1.0892268716496847 0.004443591196562644
176.0 4467.0 335.8488039627041 335.91547062937076 -1.0892268716496847 -1.022560204983018 0.004443689500994244
177.0 4267.0 335.8488039627041 335.91547062937076 -1.022560204983018 -0.9558935383163514 0.004443781789314415
178.0 3892.0 335.8488039627041 335.91547062937076 -0.9558935383163514 -0.8892268716496847 0.004443868061398161
179.0 3949.0 335.8488039627041 335.91547062937076 -0.8892268716496847 -0.8225602049830181 0.004443948317128741
180.0 4826.0 335.8488039627041 335.91547062937076 -0.8225602049830181 -0.7558935383163514 0.0044440225563974565
181.0 5064.0 335.8488039627041 335.91547062937076 -0.7558935383163514 -0.6892268716496848 0.004444090779103791
182.0 5092.0 335.8488039627041 335.91547062937076 -0.6892268716496848 -0.6225602049830181 0.004444152985155406
183.0 5270.0 335.8488039627041 335.91547062937076 -0.6225602049830181 -0.5558935383163515 0.004444209174468087
184.0 5182.0 335.8488039627041 335.91547062937076 -0.5558935383163515 -0.4892268716496848 0.004444259346965742
185.0 5327.0 335.8488039627041 335.91547062937076 -0.4892268716496848 -0.42256020498301816 0.004444303502580449
186.0 5202.0 335.8488039627041 335.91547062937076 -0.42256020498301816 -0.3558935383163515 0.004444341641252433
187.0 4325.0 335.8488039627041 335.91547062937076 -0.3558935383163515 -0.28922687164968486 0.00444437376293006
188.0 4065.0 335.8488039627041 335.91547062937076 -0.28922687164968486 -0.2225602049830182 0.004444399867569846
189.0 3864.0 335.8488039627041 335.91547062937076 -0.2225602049830182 -0.15589353831635155 0.004444419955136438
190.0 4167.0 335.8488039627041 335.91547062937076 -0.15589353831635155 -0.0892268716496849 0.004444434025602642
191.0 4233.0 335.8488039627041 335.91547062937076 -0.0892268716496849 -0.02256020498301825 0.00444444207894942
192.0 5298.0 335.8488039627041 335.91547062937076 -0.02256020498301825 0.0441064616836484 0.004444444115165857
193.0 4596.0 335.8488039627041 335.91547062937076 0.0441064616836484 0.11077312835031505 0.004444440134249203
194.0 3960.0 335.8488039627041 335.91547062937076 0.11077312835031505 0.1774397950169817 0.004444430136204842
195.0 4283.0 335.8488039627041 335.91547062937076 0.1774397950169817 0.24410646168364836 0.004444414121046317
196.0 5465.0 335.8488039627041 335.91547062937076 0.24410646168364836 0.310773128350315 0.004444392088795302
197.0 6115.0 335.8488039627041 335.91547062937076 0.310773128350315 0.37743979501698166 0.004444364039481639
198.0 6138.0 335.8488039627041 335.91547062937076 0.37743979501698166 0.4441064616836483 0.004444329973143282
199.0 5819.0 335.8488039627041 335.91547062937076 0.4441064616836483 0.510773128350315 0.00444428988982637
200.0 5516.0 335.8488039627041 335.91547062937076 0.510773128350315 0.5774397950169816 0.004444243789585153
201.0 5241.0 335.8488039627041 335.91547062937076 0.5774397950169816 0.6441064616836483 0.0044441916724820675
202.0 5451.0 335.8488039627041 335.91547062937076 0.6441064616836483 0.7107731283503149 0.00444413353858767
203.0 4846.0 335.8488039627041 335.91547062937076 0.7107731283503149 0.7774397950169816 0.004444069387980625
204.0 4053.0 335.8488039627041 335.91547062937076 0.7774397950169816 0.8441064616836482 0.0044439992207478286
205.0 4086.0 335.8488039627041 335.91547062937076 0.8441064616836482 0.9107731283503151 0.004443923036984274
206.0 4101.0 335.8488039627041 335.91547062937076 0.9107731283503151 0.9774397950169815 0.004443840836793055
207.0 3542.0 335.8488039627041 335.91547062937076 0.9774397950169815 1.044106461683648 0.004443752620285514
208.0 3318.0 335.8488039627041 335.91547062937076 1.044106461683648 1.1107731283503148 0.00444365838758108
209.0 956.0 335.8488039627041 335.91547062937076 1.1107731283503148 1.1774397950169817 0.004443558138807332
210.0 4240.0 335.91547062937076 335.9821372960374 -1.1558935383163513 -1.0892268716496847 0.004443591196562644
211.0 4444.0 335.91547062937076 335.9821372960374 -1.0892268716496847 -1.022560204983018 0.004443689500994244
212.0 4237.0 335.91547062937076 335.9821372960374 -1.022560204983018 -0.9558935383163514 0.004443781789314415
213.0 4136.0 335.91547062937076 335.9821372960374 -0.9558935383163514 -0.8892268716496847 0.004443868061398161
214.0 3418.0 335.91547062937076 335.9821372960374 -0.8892268716496847 -0.8225602049830181 0.004443948317128741
215.0 4512.0 335.91547062937076 335.9821372960374 -0.8225602049830181 -0.7558935383163514 0.0044440225563974565
216.0 4448.0 335.91547062937076 335.9821372960374 -0.7558935383163514 -0.6892268716496848 0.004444090779103791
217.0 5013.0 335.91547062937076 335.9821372960374 -0.6892268716496848 -0.6225602049830181 0.004444152985155406
218.0 5115.0 335.91547062937076 335.9821372960374 -0.6225602049830181 -0.5558935383163515 0.004444209174468087
219.0 5436.0 335.91547062937076 335.9821372960374 -0.5558935383163515 -0.4892268716496848 0.004444259346965742
220.0 5152.0 335.91547062937076 335.9821372960374 -0.4892268716496848 -0.42256020498301816 0.004444303502580449
221.0 4965.0 335.91547062937076 335.9821372960374 -0.42256020498301816 -0.3558935383163515 0.004444341641252433
222.0 4894.0 335.91547062937076 335.9821372960374 -0.3558935383163515 -0.28922687164968486 0.00444437376293006
223.0 4835.0 335.91547062937076 335.9821372960374 -0.28922687164968486 -0.2225602049830182 0.004444399867569846
224.0 4227.0 335.91547062937076 335.9821372960374 -0.2225602049830182 -0.15589353831635155 0.004444419955136438
225.0 4418.0 335.91547062937076 335.9821372960374 -0.15589353831635155 -0.0892268716496849 0.004444434025602642
226.0 4519.0 335.91547062937076 335.9821372960374 -0.0892268716496849 -0.02256020498301825 0.00444444207894942
227.0 5374.0 335.91547062937076 335.9821372960374 -0.02256020498301825 0.0441064616836484 0.004444444115165857
228.0 5001.0 335.91547062937076 335.9821372960374 0.0441064616836484 0.11077312835031505 0.004444440134249203
229.0 4930.0 335.91547062937076 335.9821372960374 0.11077312835031505 0.1774397950169817 0.004444430136204842
230.0 4642.0 335.91547062937076 335.9821372960374 0.1774397950169817 0.24410646168364836 0.004444414121046317
231.0 5741.0 335.91547062937076 335.9821372960374 0.24410646168364836 0.310773128350315 0.004444392088795302
232.0 5991.0 335.91547062937076 335.9821372960374 0.310773128350315 0.37743979501698166 0.004444364039481639
233.0 5926.0 335.91547062937076 335.9821372960374 0.37743979501698166 0.4441064616836483 0.004444329973143282
234.0 5245.0 335.91547062937076 335.9821372960374 0.4441064616836483 0.510773128350315 0.00444428988982637
235.0 5424.0 335.91547062937076 335.9821372960374 0.510773128350315 0.5774397950169816 0.004444243789585153
236.0 5152.0 335.91547062937076 335.9821372960374 0.5774397950169816 0.6441064616836483 0.0044441916724820675
237.0 4755.0 335.91547062937076 335.9821372960374 0.6441064616836483 0.7107731283503149 0.00444413353858767
238.0 4576.0 335.91547062937076 335.9821372960374 0.7107731283503149 0.7774397950169816 0.004444069387980625
239.0 4442.0 335.91547062937076 335.9821372960374 0.7774397950169816 0.8441064616836482 0.0044439992207478286
240.0 4394.0 335.91547062937076 335.9821372960374 0.8441064616836482 0.9107731283503151 0.004443923036984274
241.0 4401.0 335.91547062937076 335.9821372960374 0.9107731283503151 0.9774397950169815 0.004443840836793055
242.0 4114.0 335.91547062937076 335.9821372960374 0.9774397950169815 1.044106461683648 0.004443752620285514
243.0 3502.0 335.91547062937076 335.9821372960374 1.044106461683648 1.1107731283503148 0.00444365838758108
244.0 1067.0 335.91547062937076 335.9821372960374 1.1107731283503148 1.1774397950169817 0.004443558138807332
245.0 4155.0 335.9821372960374 336.0488039627041 -1.1558935383163513 -1.0892268716496847 0.004443591196562644
246.0 4418.0 335.9821372960374 336.0488039627041 -1.0892268716496847 -1.022560204983018 0.004443689500994244
247.0 4476.0 335.9821372960374 336.0488039627041 -1.022560204983018 -0.9558935383163514 0.004443781789314415
248.0 4275.0 335.9821372960374 336.0488039627041 -0.9558935383163514 -0.8892268716496847 0.004443868061398161
249.0 3188.0 335.9821372960374 336.0488039627041 -0.8892268716496847 -0.8225602049830181 0.004443948317128741
250.0 3467.0 335.9821372960374 336.0488039627041 -0.8225602049830181 -0.7558935383163514 0.0044440225563974565
251.0 4210.0 335.9821372960374 336.0488039627041 -0.7558935383163514 -0.6892268716496848 0.004444090779103791
252.0 4334.0 335.9821372960374 336.0488039627041 -0.6892268716496848 -0.6225602049830181 0.004444152985155406
253.0 5032.0 335.9821372960374 336.0488039627041 -0.6225602049830181 -0.5558935383163515 0.004444209174468087
254.0 5535.0 335.9821372960374 336.0488039627041 -0.5558935383163515 -0.4892268716496848 0.004444259346965742
255.0 5587.0 335.9821372960374 336.0488039627041 -0.4892268716496848 -0.42256020498301816 0.004444303502580449
256.0 5412.0 335.9821372960374 336.0488039627041 -0.42256020498301816 -0.3558935383163515 0.004444341641252433
257.0 4582.0 335.9821372960374 336.0488039627041 -0.3558935383163515 -0.28922687164968486 0.00444437376293006
258.0 4625.0 335.9821372960374 336.0488039627041 -0.28922687164968486 -0.2225602049830182 0.004444399867569846
259.0 4043.0 335.9821372960374 336.0488039627041 -0.2225602049830182 -0.15589353831635155 0.004444419955136438
260.0 3857.0 335.9821372960374 336.0488039627041 -0.15589353831635155 -0.0892268716496849 0.004444434025602642
261.0 4196.0 335.9821372960374 336.0488039627041 -0.0892268716496849 -0.02256020498301825 0.00444444207894942
262.0 4791.0 335.9821372960374 336.0488039627041 -0.02256020498301825 0.0441064616836484 0.004444444115165857
263.0 4589.0 335.9821372960374 336.0488039627041 0.0441064616836484 0.11077312835031505 0.004444440134249203
264.0 5282.0 335.9821372960374 336.0488039627041 0.11077312835031505 0.1774397950169817 0.004444430136204842
265.0 5028.0 335.9821372960374 336.0488039627041 0.1774397950169817 0.24410646168364836 0.004444414121046317
266.0 6041.0 335.9821372960374 336.0488039627041 0.24410646168364836 0.310773128350315 0.004444392088795302
267.0 5670.0 335.9821372960374 336.0488039627041 0.310773128350315 0.37743979501698166 0.004444364039481639
268.0 5404.0 335.9821372960374 336.0488039627041 0.37743979501698166 0.4441064616836483 0.004444329973143282
269.0 4712.0 335.9821372960374 336.0488039627041 0.4441064616836483 0.510773128350315 0.00444428988982637
270.0 4986.0 335.9821372960374 336.0488039627041 0.510773128350315 0.5774397950169816 0.004444243789585153
271.0 4874.0 335.9821372960374 336.0488039627041 0.5774397950169816 0.6441064616836483 0.0044441916724820675
272.0 4464.0 335.9821372960374 336.0488039627041 0.6441064616836483 0.7107731283503149 0.00444413353858767
273.0 4356.0 335.9821372960374 336.0488039627041 0.7107731283503149 0.7774397950169816 0.004444069387980625
274.0 4442.0 335.9821372960374 336.0488039627041 0.7774397950169816 0.8441064616836482 0.0044439992207478286
275.0 4168.0 335.9821372960374 336.0488039627041 0.8441064616836482 0.9107731283503151 0.004443923036984274
276.0 4047.0 335.9821372960374 336.0488039627041 0.9107731283503151 0.9774397950169815 0.004443840836793055
277.0 3820.0 335.9821372960374 336.0488039627041 0.9774397950169815 1.044106461683648 0.004443752620285514
278.0 3511.0 335.9821372960374 336.0488039627041 1.044106461683648 1.1107731283503148 0.00444365838758108
279.0 1148.0 335.9821372960374 336.0488039627041 1.1107731283503148 1.1774397950169817 0.004443558138807332
280.0 4285.0 336.0488039627041 336.11547062937075 -1.1558935383163513 -1.0892268716496847 0.004443591196562644
281.0 4522.0 336.0488039627041 336.11547062937075 -1.0892268716496847 -1.022560204983018 0.004443689500994244
282.0 4645.0 336.0488039627041 336.11547062937075 -1.022560204983018 -0.9558935383163514 0.004443781789314415
283.0 4050.0 336.0488039627041 336.11547062937075 -0.9558935383163514 -0.8892268716496847 0.004443868061398161
284.0 4148.0 336.0488039627041 336.11547062937075 -0.8892268716496847 -0.8225602049830181 0.004443948317128741
285.0 3456.0 336.0488039627041 336.11547062937075 -0.8225602049830181 -0.7558935383163514 0.0044440225563974565
286.0 4957.0 336.0488039627041 336.11547062937075 -0.7558935383163514 -0.6892268716496848 0.004444090779103791
287.0 4733.0 336.0488039627041 336.11547062937075 -0.6892268716496848 -0.6225602049830181 0.004444152985155406
288.0 5204.0 336.0488039627041 336.11547062937075 -0.6225602049830181 -0.5558935383163515 0.004444209174468087
289.0 5197.0 336.0488039627041 336.11547062937075 -0.5558935383163515 -0.4892268716496848 0.004444259346965742
290.0 5193.0 336.0488039627041 336.11547062937075 -0.4892268716496848 -0.42256020498301816 0.004444303502580449
