apolo/data/files/log_tiling_bf0.ecsv
# %ECSV 0.9
# ---
# datatype:
# - {name: tile, datatype: float64}
# - {name: n, datatype: float64}
# - {name: l_min, datatype: float64}
# - {name: l_max, datatype: float64}
# - {name: b_min, datatype: float64}
# - {name: b_max, datatype: float64}
# - {name: area, datatype: float64}
# schema: astropy-2.0
tile n l_min l_max b_min b_max area
[from data line 1888]
1888.0 4279.0 339.0821372960373 339.14880396270394 1.044106461683648 1.1107731283503148 0.00444365838758108
1889.0 1355.0 339.0821372960373 339.14880396270394 1.1107731283503148 1.1774397950169817 0.004443558138807332
1890.0 2927.0 339.14880396270394 339.2154706293706 -1.1558935383163513 -1.0892268716496847 0.004443591196562644
1891.0 3163.0 339.14880396270394 339.2154706293706 -1.0892268716496847 -1.022560204983018 0.004443689500994244
1892.0 2826.0 339.14880396270394 339.2154706293706 -1.022560204983018 -0.9558935383163514 0.004443781789314415
1893.0 2481.0 339.14880396270394 339.2154706293706 -0.9558935383163514 -0.8892268716496847 0.004443868061398161
1894.0 2932.0 339.14880396270394 339.2154706293706 -0.8892268716496847 -0.8225602049830181 0.004443948317128741
1895.0 3240.0 339.14880396270394 339.2154706293706 -0.8225602049830181 -0.7558935383163514 0.0044440225563974565
1896.0 3375.0 339.14880396270394 339.2154706293706 -0.7558935383163514 -0.6892268716496848 0.004444090779103791
1897.0 3318.0 339.14880396270394 339.2154706293706 -0.6892268716496848 -0.6225602049830181 0.004444152985155406
1898.0 3734.0 339.14880396270394 339.2154706293706 -0.6225602049830181 -0.5558935383163515 0.004444209174468087
1899.0 3385.0 339.14880396270394 339.2154706293706 -0.5558935383163515 -0.4892268716496848 0.004444259346965742
1900.0 3608.0 339.14880396270394 339.2154706293706 -0.4892268716496848 -0.42256020498301816 0.004444303502580449
1901.0 3170.0 339.14880396270394 339.2154706293706 -0.42256020498301816 -0.3558935383163515 0.004444341641252433
1902.0 3940.0 339.14880396270394 339.2154706293706 -0.3558935383163515 -0.28922687164968486 0.00444437376293006
1903.0 3540.0 339.14880396270394 339.2154706293706 -0.28922687164968486 -0.2225602049830182 0.004444399867569846
1904.0 3093.0 339.14880396270394 339.2154706293706 -0.2225602049830182 -0.15589353831635155 0.004444419955136438
1905.0 4354.0 339.14880396270394 339.2154706293706 -0.15589353831635155 -0.0892268716496849 0.004444434025602642
1906.0 5956.0 339.14880396270394 339.2154706293706 -0.0892268716496849 -0.02256020498301825 0.00444444207894942
1907.0 6637.0 339.14880396270394 339.2154706293706 -0.02256020498301825 0.0441064616836484 0.004444444115165857
1908.0 6941.0 339.14880396270394 339.2154706293706 0.0441064616836484 0.11077312835031505 0.004444440134249203
1909.0 7866.0 339.14880396270394 339.2154706293706 0.11077312835031505 0.1774397950169817 0.004444430136204842
1910.0 7768.0 339.14880396270394 339.2154706293706 0.1774397950169817 0.24410646168364836 0.004444414121046317
1911.0 6557.0 339.14880396270394 339.2154706293706 0.24410646168364836 0.310773128350315 0.004444392088795302
1912.0 5554.0 339.14880396270394 339.2154706293706 0.310773128350315 0.37743979501698166 0.004444364039481639
1913.0 4597.0 339.14880396270394 339.2154706293706 0.37743979501698166 0.4441064616836483 0.004444329973143282
1914.0 4764.0 339.14880396270394 339.2154706293706 0.4441064616836483 0.510773128350315 0.00444428988982637
1915.0 3854.0 339.14880396270394 339.2154706293706 0.510773128350315 0.5774397950169816 0.004444243789585153
1916.0 4597.0 339.14880396270394 339.2154706293706 0.5774397950169816 0.6441064616836483 0.0044441916724820675
1917.0 5061.0 339.14880396270394 339.2154706293706 0.6441064616836483 0.7107731283503149 0.00444413353858767
1918.0 4226.0 339.14880396270394 339.2154706293706 0.7107731283503149 0.7774397950169816 0.004444069387980625
1919.0 3803.0 339.14880396270394 339.2154706293706 0.7774397950169816 0.8441064616836482 0.0044439992207478286
1920.0 4511.0 339.14880396270394 339.2154706293706 0.8441064616836482 0.9107731283503151 0.004443923036984274
1921.0 4495.0 339.14880396270394 339.2154706293706 0.9107731283503151 0.9774397950169815 0.004443840836793055
1922.0 4498.0 339.14880396270394 339.2154706293706 0.9774397950169815 1.044106461683648 0.004443752620285514
1923.0 3995.0 339.14880396270394 339.2154706293706 1.044106461683648 1.1107731283503148 0.00444365838758108
1924.0 1175.0 339.14880396270394 339.2154706293706 1.1107731283503148 1.1774397950169817 0.004443558138807332
1925.0 2635.0 339.2154706293706 339.28213729603726 -1.1558935383163513 -1.0892268716496847 0.004443591196562644
1926.0 3101.0 339.2154706293706 339.28213729603726 -1.0892268716496847 -1.022560204983018 0.004443689500994244
1927.0 3191.0 339.2154706293706 339.28213729603726 -1.022560204983018 -0.9558935383163514 0.004443781789314415
1928.0 2881.0 339.2154706293706 339.28213729603726 -0.9558935383163514 -0.8892268716496847 0.004443868061398161
1929.0 2468.0 339.2154706293706 339.28213729603726 -0.8892268716496847 -0.8225602049830181 0.004443948317128741
1930.0 2960.0 339.2154706293706 339.28213729603726 -0.8225602049830181 -0.7558935383163514 0.0044440225563974565
1931.0 3502.0 339.2154706293706 339.28213729603726 -0.7558935383163514 -0.6892268716496848 0.004444090779103791
1932.0 3925.0 339.2154706293706 339.28213729603726 -0.6892268716496848 -0.6225602049830181 0.004444152985155406
1933.0 3825.0 339.2154706293706 339.28213729603726 -0.6225602049830181 -0.5558935383163515 0.004444209174468087
1934.0 3464.0 339.2154706293706 339.28213729603726 -0.5558935383163515 -0.4892268716496848 0.004444259346965742
1935.0 2234.0 339.2154706293706 339.28213729603726 -0.4892268716496848 -0.42256020498301816 0.004444303502580449
1936.0 1893.0 339.2154706293706 339.28213729603726 -0.42256020498301816 -0.3558935383163515 0.004444341641252433
1937.0 3513.0 339.2154706293706 339.28213729603726 -0.3558935383163515 -0.28922687164968486 0.00444437376293006
1938.0 3404.0 339.2154706293706 339.28213729603726 -0.28922687164968486 -0.2225602049830182 0.004444399867569846
1939.0 3099.0 339.2154706293706 339.28213729603726 -0.2225602049830182 -0.15589353831635155 0.004444419955136438
1940.0 4744.0 339.2154706293706 339.28213729603726 -0.15589353831635155 -0.0892268716496849 0.004444434025602642
1941.0 6205.0 339.2154706293706 339.28213729603726 -0.0892268716496849 -0.02256020498301825 0.00444444207894942
1942.0 6259.0 339.2154706293706 339.28213729603726 -0.02256020498301825 0.0441064616836484 0.004444444115165857
1943.0 6904.0 339.2154706293706 339.28213729603726 0.0441064616836484 0.11077312835031505 0.004444440134249203
1944.0 7066.0 339.2154706293706 339.28213729603726 0.11077312835031505 0.1774397950169817 0.004444430136204842
1945.0 6663.0 339.2154706293706 339.28213729603726 0.1774397950169817 0.24410646168364836 0.004444414121046317
1946.0 6216.0 339.2154706293706 339.28213729603726 0.24410646168364836 0.310773128350315 0.004444392088795302
1947.0 5911.0 339.2154706293706 339.28213729603726 0.310773128350315 0.37743979501698166 0.004444364039481639
1948.0 4559.0 339.2154706293706 339.28213729603726 0.37743979501698166 0.4441064616836483 0.004444329973143282
1949.0 5720.0 339.2154706293706 339.28213729603726 0.4441064616836483 0.510773128350315 0.00444428988982637
1950.0 4676.0 339.2154706293706 339.28213729603726 0.510773128350315 0.5774397950169816 0.004444243789585153
1951.0 4660.0 339.2154706293706 339.28213729603726 0.5774397950169816 0.6441064616836483 0.0044441916724820675
1952.0 5091.0 339.2154706293706 339.28213729603726 0.6441064616836483 0.7107731283503149 0.00444413353858767
1953.0 4664.0 339.2154706293706 339.28213729603726 0.7107731283503149 0.7774397950169816 0.004444069387980625
1954.0 4299.0 339.2154706293706 339.28213729603726 0.7774397950169816 0.8441064616836482 0.0044439992207478286
1955.0 4224.0 339.2154706293706 339.28213729603726 0.8441064616836482 0.9107731283503151 0.004443923036984274
1956.0 4480.0 339.2154706293706 339.28213729603726 0.9107731283503151 0.9774397950169815 0.004443840836793055
1957.0 4535.0 339.2154706293706 339.28213729603726 0.9774397950169815 1.044106461683648 0.004443752620285514
1958.0 3662.0 339.2154706293706 339.28213729603726 1.044106461683648 1.1107731283503148 0.00444365838758108
1959.0 1075.0 339.2154706293706 339.28213729603726 1.1107731283503148 1.1774397950169817 0.004443558138807332
1960.0 2805.0 339.28213729603726 339.3488039627039 -1.1558935383163513 -1.0892268716496847 0.004443591196562644
1961.0 3294.0 339.28213729603726 339.3488039627039 -1.0892268716496847 -1.022560204983018 0.004443689500994244
1962.0 3081.0 339.28213729603726 339.3488039627039 -1.022560204983018 -0.9558935383163514 0.004443781789314415
1963.0 3069.0 339.28213729603726 339.3488039627039 -0.9558935383163514 -0.8892268716496847 0.004443868061398161
1964.0 2998.0 339.28213729603726 339.3488039627039 -0.8892268716496847 -0.8225602049830181 0.004443948317128741
1965.0 3062.0 339.28213729603726 339.3488039627039 -0.8225602049830181 -0.7558935383163514 0.0044440225563974565
1966.0 3386.0 339.28213729603726 339.3488039627039 -0.7558935383163514 -0.6892268716496848 0.004444090779103791
1967.0 3983.0 339.28213729603726 339.3488039627039 -0.6892268716496848 -0.6225602049830181 0.004444152985155406
1968.0 3637.0 339.28213729603726 339.3488039627039 -0.6225602049830181 -0.5558935383163515 0.004444209174468087
1969.0 3110.0 339.28213729603726 339.3488039627039 -0.5558935383163515 -0.4892268716496848 0.004444259346965742
1970.0 1828.0 339.28213729603726 339.3488039627039 -0.4892268716496848 -0.42256020498301816 0.004444303502580449
1971.0 1523.0 339.28213729603726 339.3488039627039 -0.42256020498301816 -0.3558935383163515 0.004444341641252433
1972.0 3238.0 339.28213729603726 339.3488039627039 -0.3558935383163515 -0.28922687164968486 0.00444437376293006
1973.0 3622.0 339.28213729603726 339.3488039627039 -0.28922687164968486 -0.2225602049830182 0.004444399867569846
1974.0 3605.0 339.28213729603726 339.3488039627039 -0.2225602049830182 -0.15589353831635155 0.004444419955136438
1975.0 4519.0 339.28213729603726 339.3488039627039 -0.15589353831635155 -0.0892268716496849 0.004444434025602642
1976.0 5705.0 339.28213729603726 339.3488039627039 -0.0892268716496849 -0.02256020498301825 0.00444444207894942
1977.0 6528.0 339.28213729603726 339.3488039627039 -0.02256020498301825 0.0441064616836484 0.004444444115165857
1978.0 7303.0 339.28213729603726 339.3488039627039 0.0441064616836484 0.11077312835031505 0.004444440134249203
1979.0 6425.0 339.28213729603726 339.3488039627039 0.11077312835031505 0.1774397950169817 0.004444430136204842
1980.0 6166.0 339.28213729603726 339.3488039627039 0.1774397950169817 0.24410646168364836 0.004444414121046317
1981.0 6222.0 339.28213729603726 339.3488039627039 0.24410646168364836 0.310773128350315 0.004444392088795302
1982.0 6055.0 339.28213729603726 339.3488039627039 0.310773128350315 0.37743979501698166 0.004444364039481639
1983.0 5790.0 339.28213729603726 339.3488039627039 0.37743979501698166 0.4441064616836483 0.004444329973143282
1984.0 5783.0 339.28213729603726 339.3488039627039 0.4441064616836483 0.510773128350315 0.00444428988982637
1985.0 4431.0 339.28213729603726 339.3488039627039 0.510773128350315 0.5774397950169816 0.004444243789585153
1986.0 3973.0 339.28213729603726 339.3488039627039 0.5774397950169816 0.6441064616836483 0.0044441916724820675
1987.0 4666.0 339.28213729603726 339.3488039627039 0.6441064616836483 0.7107731283503149 0.00444413353858767
1988.0 4299.0 339.28213729603726 339.3488039627039 0.7107731283503149 0.7774397950169816 0.004444069387980625
1989.0 4497.0 339.28213729603726 339.3488039627039 0.7774397950169816 0.8441064616836482 0.0044439992207478286
1990.0 4656.0 339.28213729603726 339.3488039627039 0.8441064616836482 0.9107731283503151 0.004443923036984274
1991.0 4442.0 339.28213729603726 339.3488039627039 0.9107731283503151 0.9774397950169815 0.004443840836793055
1992.0 4664.0 339.28213729603726 339.3488039627039 0.9774397950169815 1.044106461683648 0.004443752620285514
1993.0 3772.0 339.28213729603726 339.3488039627039 1.044106461683648 1.1107731283503148 0.00444365838758108
1994.0 1296.0 339.28213729603726 339.3488039627039 1.1107731283503148 1.1774397950169817 0.004443558138807332
1995.0 2725.0 339.3488039627039 339.4154706293706 -1.1558935383163513 -1.0892268716496847 0.004443591196562644
1996.0 2979.0 339.3488039627039 339.4154706293706 -1.0892268716496847 -1.022560204983018 0.004443689500994244
1997.0 3226.0 339.3488039627039 339.4154706293706 -1.022560204983018 -0.9558935383163514 0.004443781789314415
1998.0 2681.0 339.3488039627039 339.4154706293706 -0.9558935383163514 -0.8892268716496847 0.004443868061398161
1999.0 2737.0 339.3488039627039 339.4154706293706 -0.8892268716496847 -0.8225602049830181 0.004443948317128741
2000.0 3530.0 339.3488039627039 339.4154706293706 -0.8225602049830181 -0.7558935383163514 0.0044440225563974565
2001.0 3402.0 339.3488039627039 339.4154706293706 -0.7558935383163514 -0.6892268716496848 0.004444090779103791
2002.0 2712.0 339.3488039627039 339.4154706293706 -0.6892268716496848 -0.6225602049830181 0.004444152985155406
2003.0 2910.0 339.3488039627039 339.4154706293706 -0.6225602049830181 -0.5558935383163515 0.004444209174468087
2004.0 3166.0 339.3488039627039 339.4154706293706 -0.5558935383163515 -0.4892268716496848 0.004444259346965742
2005.0 2595.0 339.3488039627039 339.4154706293706 -0.4892268716496848 -0.42256020498301816 0.004444303502580449
2006.0 2796.0 339.3488039627039 339.4154706293706 -0.42256020498301816 -0.3558935383163515 0.004444341641252433
2007.0 4092.0 339.3488039627039 339.4154706293706 -0.3558935383163515 -0.28922687164968486 0.00444437376293006
2008.0 3705.0 339.3488039627039 339.4154706293706 -0.28922687164968486 -0.2225602049830182 0.004444399867569846
2009.0 3298.0 339.3488039627039 339.4154706293706 -0.2225602049830182 -0.15589353831635155 0.004444419955136438
2010.0 4407.0 339.3488039627039 339.4154706293706 -0.15589353831635155 -0.0892268716496849 0.004444434025602642
2011.0 5716.0 339.3488039627039 339.4154706293706 -0.0892268716496849 -0.02256020498301825 0.00444444207894942
2012.0 6387.0 339.3488039627039 339.4154706293706 -0.02256020498301825 0.0441064616836484 0.004444444115165857
2013.0 6487.0 339.3488039627039 339.4154706293706 0.0441064616836484 0.11077312835031505 0.004444440134249203
2014.0 7202.0 339.3488039627039 339.4154706293706 0.11077312835031505 0.1774397950169817 0.004444430136204842
2015.0 6230.0 339.3488039627039 339.4154706293706 0.1774397950169817 0.24410646168364836 0.004444414121046317
2016.0 5910.0 339.3488039627039 339.4154706293706 0.24410646168364836 0.310773128350315 0.004444392088795302
2017.0 6402.0 339.3488039627039 339.4154706293706 0.310773128350315 0.37743979501698166 0.004444364039481639
2018.0 6532.0 339.3488039627039 339.4154706293706 0.37743979501698166 0.4441064616836483 0.004444329973143282
2019.0 6183.0 339.3488039627039 339.4154706293706 0.4441064616836483 0.510773128350315 0.00444428988982637
2020.0 4047.0 339.3488039627039 339.4154706293706 0.510773128350315 0.5774397950169816 0.004444243789585153
2021.0 3600.0 339.3488039627039 339.4154706293706 0.5774397950169816 0.6441064616836483 0.0044441916724820675
2022.0 3312.0 339.3488039627039 339.4154706293706 0.6441064616836483 0.7107731283503149 0.00444413353858767
2023.0 3376.0 339.3488039627039 339.4154706293706 0.7107731283503149 0.7774397950169816 0.004444069387980625
2024.0 4163.0 339.3488039627039 339.4154706293706 0.7774397950169816 0.8441064616836482 0.0044439992207478286
2025.0 4553.0 339.3488039627039 339.4154706293706 0.8441064616836482 0.9107731283503151 0.004443923036984274
2026.0 4261.0 339.3488039627039 339.4154706293706 0.9107731283503151 0.9774397950169815 0.004443840836793055
2027.0 4611.0 339.3488039627039 339.4154706293706 0.9774397950169815 1.044106461683648 0.004443752620285514
2028.0 4177.0 339.3488039627039 339.4154706293706 1.044106461683648 1.1107731283503148 0.00444365838758108
2029.0 1378.0 339.3488039627039 339.4154706293706 1.1107731283503148 1.1774397950169817 0.004443558138807332
2030.0 2507.0 339.4154706293706 339.48213729603725 -1.1558935383163513 -1.0892268716496847 0.004443591196562644
