apolo/data/files/log_tiling_4096.ecsv
# %ECSV 0.9
# ---
# datatype:
# - {name: tile, datatype: float64}
# - {name: n, datatype: float64}
# - {name: l_min, datatype: float64}
# - {name: l_max, datatype: float64}
# - {name: b_min, datatype: float64}
# - {name: b_max, datatype: float64}
# - {name: area, datatype: float64}
# schema: astropy-2.0
tile n l_min l_max b_min b_max area
[from data line 2018]
2018.0 3084.0 337.97999446051017 338.0201472868593 0.8976784690843952 0.9706813827378289 0.002930883504500238
2019.0 3084.0 338.02015674432585 338.0593567449782 0.8977841135158582 0.9706875848602005 0.002857436037476323
2020.0 3083.0 338.05937811131713 338.1002997306946 0.8309506650646102 0.9007615527870998 0.0028564481991349756
2021.0 3084.0 338.10033011530845 338.1391151370336 0.8309624459595135 0.9007794323268096 0.002707543959512506
2022.0 3084.0 338.0593765014215 338.1005166850968 0.9007912150542959 0.9706896814303143 0.0028752520719763
2023.0 3084.0 338.10052028877504 338.13913491463035 0.9007798352844337 0.9706714904465858 0.002698480040990875
2024.0 3083.0 337.9799899808163 338.0199551464255 0.9706930061653491 1.0471996144026594 0.003057124984684886
2025.0 3084.0 338.01995889473415 338.06206753478835 0.9707594368899702 1.0472027128989299 0.003218423052453438
2026.0 3084.0 338.0620700741775 338.10074169437047 0.9707029652400991 1.0472339848185943 0.002959119422726157
2027.0 3084.0 338.10075212771574 338.139122704633 0.9707205438826693 1.04717507120888 0.002933149270318919
2028.0 3084.0 337.98004049512684 338.06053691015705 1.047243968718915 1.090703231086775 0.0034977058940794804
2029.0 3084.0 337.9799863137205 338.06054076448635 1.090713794192556 1.1340419407646072 0.003489617194594169
2030.0 3084.0 338.06059869136385 338.13910752787166 1.0472385443174705 1.0887701685062863 0.0032600329796823985
2031.0 3084.0 338.0605977429805 338.1390924370997 1.0887710450011354 1.1339900681328257 0.003548785571139347
2032.0 3083.0 338.1391521933478 338.1794255760407 0.830952137058287 0.9039172062527772 0.002938213194321807
2033.0 3084.0 338.17942675954856 338.2249895250988 0.830950816696116 0.9039199593823473 0.0033242947027446014
2034.0 3084.0 338.1391360783884 338.1807227760824 0.9039343491846448 0.9770922047061587 0.0030419835315464772
2035.0 3084.0 338.18073022808454 338.2250011966217 0.9039254455995327 0.977095705761293 0.0032388816540927447
2036.0 3084.0 338.22501591195413 338.27498485411326 0.8309493299325853 0.9075829029603009 0.0038288575946073436
2037.0 3084.0 338.2749976515855 338.31164798806304 0.8309672554395544 0.9076045635275451 0.0028084596528958777
2038.0 3084.0 338.2250133740939 338.26964843376265 0.9076580686695513 0.9771014588412371 0.0030991904234314153
2039.0 3084.0 338.26966146044794 338.3116529868335 0.9076081877919207 0.9771033195341047 0.0029178117851423368
2040.0 3083.0 338.13914188606697 338.1820670770102 0.9771058770721655 1.0516317569277613 0.0031985360665738043
2041.0 3084.0 338.1820850460927 338.2256479277343 0.9771192849532581 1.0516284348603908 0.0032453243804395652
2042.0 3084.0 338.1391572324836 338.18148082435454 1.0516808246135574 1.1335891799121798 0.003466025168742497
2043.0 3084.0 338.18149732719735 338.22561387979437 1.051636149830438 1.1341697517143903 0.0036404352939052656
2044.0 3084.0 338.2256554719722 338.2686445823323 0.9771040011232429 1.0480796939276535 0.003050705209530985
2045.0 3084.0 338.26865986457335 338.3116678333903 0.9771044608962451 1.0480241923911302 0.003049637112409492
2046.0 3084.0 338.22566989812407 338.31162993262194 1.0480831231423318 1.0899436794223443 0.003597708485367679
2047.0 3084.0 338.22572827950376 338.31167256256924 1.0899556480277937 1.1341936606477971 0.003801288054901921
2048.0 3083.0 338.31170277137943 338.3747021562758 -1.1556069083039322 -1.0980307648667371 0.00362656001688472
2049.0 3084.0 338.31169001489 338.37468724119157 -1.0980123244099422 -1.0484165486658912 0.0031238481215166785
2050.0 3084.0 338.3747264336085 338.4470258541597 -1.155679677007525 -1.0971069963417304 0.004233952372331088
2051.0 3084.0 338.3747293212906 338.4470537920013 -1.0971047884776974 -1.0484117049060728 0.0035210841303671475
2052.0 3083.0 338.31170312855744 338.3767569152307 -1.0484041257098526 -1.0031388672358705 0.002944204489734865
2053.0 3084.0 338.311692170031 338.37670952774516 -1.0031358432794597 -0.957956584124312 0.002937005828882146
2054.0 3084.0 338.376764108591 338.4470505123312 -1.0484008170966401 -1.0036112427639716 0.0031475932923139497
2055.0 3084.0 338.37680625412355 338.4470353334291 -1.0036095382183634 -0.9579652187217191 0.003205088806316352
2056.0 3083.0 338.447071152823 338.53162626767926 -1.1558566561662078 -1.1027551008697685 0.004489135816959572
2057.0 3084.0 338.4470571413454 338.5316712536882 -1.1026994470514195 -1.048373418146159 0.004595938675075204
2058.0 3084.0 338.5317063327107 338.6234526169932 -1.1555430985987023 -1.0995991671139949 0.0051316537439820105
2059.0 3084.0 338.53169484017866 338.6235154376385 -1.0995662452041208 -1.0483945171834295 0.004697793063913236
2060.0 3084.0 338.4470899165693 338.5262745941013 -1.0483533822303548 -0.999407034428946 0.003875181816960553
2061.0 3084.0 338.4471037701826 338.5263146726067 -0.9994013936989988 -0.957952969331829 0.003282688081106775
2062.0 3084.0 338.526350103054 338.5676383568997 -1.0482874402028595 -0.9579660572350758 0.0037286402672029773
2063.0 3084.0 338.567640766598 338.62350444334896 -1.0483670761907025 -0.9579607797570955 0.005049653516717012
2064.0 3083.0 338.3116779055459 338.3850884782271 -0.9579423571842539 -0.9185025327524797 0.0028949118723578544
2065.0 3084.0 338.31168744476696 338.38515157010994 -0.9184881612352118 -0.8833264483728528 0.0025828051239766307
2066.0 3084.0 338.38515992769317 338.42218780445614 -0.9579494907863524 -0.8833190981285763 0.0027630480612165554
2067.0 3084.0 338.4222131601867 338.4607726615081 -0.9579518645482108 -0.8833245850136761 0.0028772190115770816
2068.0 3083.0 338.31167689362417 338.3840090654473 -0.8833174327003191 -0.8448390085669868 0.002782911435278484
2069.0 3084.0 338.31174545607155 338.38399515336266 -0.8448320844997627 -0.8047165233777198 0.002898036801636966
2070.0 3084.0 338.3840459978495 338.4607484405728 -0.8832843330057844 -0.8467151544504428 0.002804625627342996
2071.0 3084.0 338.3840103818522 338.4607005742249 -0.8467145772231576 -0.8047003676857946 0.0032217431552351203
2072.0 3083.0 338.4607742380459 338.5009304782103 -0.9579401116539092 -0.8801850630622587 0.003121948479171124
2073.0 3084.0 338.50093883164317 338.54320952174544 -0.957949318225651 -0.8802399728785485 0.003284404784997544
2074.0 3084.0 338.4607945652599 338.50142906825863 -0.8801750157259313 -0.8047130627288293 0.0030660272806883417
2075.0 3084.0 338.50143298705075 338.5432030892073 -0.8801657480570354 -0.8047540855158657 0.003149612118958987
2076.0 3084.0 338.5432205845948 338.58392194705976 -0.9579102471101575 -0.8794529627603087 0.0031929076429535372
2077.0 3084.0 338.58392588887864 338.62353567686347 -0.9579524112893197 -0.8794594375896078 0.0031086901332446604
2078.0 3084.0 338.54320985598275 338.5835863557617 -0.879444871978912 -0.8047018345579852 0.0030175360960633594
2079.0 3084.0 338.5835911327713 338.6235449837026 -0.8794262985375325 -0.8048045029477405 0.002981105865312518
2080.0 3083.0 338.6235460727945 338.7203757125398 -1.1553905558138462 -1.1028890495523072 0.005082714602643683
2081.0 3084.0 338.6235458980569 338.7204187089297 -1.102879660526857 -1.0468645474136 0.005425386397955942
2082.0 3084.0 338.72043905456235 338.80830631012907 -1.155513298293764 -1.101907562245578 0.004709274804981072
2083.0 3084.0 338.7204252222953 338.8083369788391 -1.1019015144542506 -1.0468657818641487 0.004837437144329918
2084.0 3083.0 338.6235584183185 338.72482587299083 -1.046830608723634 -0.9938146444898677 0.005367940298299795
2085.0 3084.0 338.6236127184171 338.72481883904624 -0.9938046902273264 -0.9421363722979713 0.005228403614923494
2086.0 3084.0 338.7248366738117 338.80833575626764 -1.0468411148491263 -0.9900799180285854 0.004738758913093796
2087.0 3084.0 338.72482723089644 338.8083173958404 -0.9900731261843473 -0.9421718212807879 0.00399871919037522
2088.0 3083.0 338.6235987875267 338.6691025279095 -0.9420988311039201 -0.8729863095754765 0.003144483540291221
2089.0 3084.0 338.6691231053888 338.71497134257675 -0.9421096563077628 -0.8729905429441207 0.0031685917744712576
2090.0 3084.0 338.6235730066407 338.67089582214004 -0.8729736569043298 -0.8046986918561634 0.003230617122244078
2091.0 3084.0 338.6709013547751 338.7149742918379 -0.8729797729671839 -0.8047062808248379 0.0030086906644656753
2092.0 3084.0 338.7149788058174 338.75928108646514 -0.94211060489949 -0.8698252461925535 0.0032020057061475393
2093.0 3084.0 338.75930159100204 338.80832798736407 -0.9421245977138436 -0.8698534671851619 0.0035427499042491465
2094.0 3084.0 338.7149777661842 338.7611456082842 -0.8698240851075691 -0.8046988117692014 0.003006372157142852
2095.0 3084.0 338.76115063600736 338.80833062782807 -0.8698051509386984 -0.8047000348874642 0.003071330731055311
2096.0 3083.0 338.80834003456465 338.90007152746944 -1.155845359943589 -1.1096792299442435 0.00423406029362083
2097.0 3084.0 338.80834799372786 338.89998245213246 -1.1096671989877454 -1.0615060079748784 0.0044124323941861325
2098.0 3084.0 338.90011760939143 338.9868583961443 -1.155759418789315 -1.1070629128231777 0.004223149595250748
2099.0 3084.0 338.9001155322848 338.986835190692 -1.1070579597776562 -1.0614988028095662 0.0039501669904087764
2100.0 3084.0 338.8083627819652 338.8926893359316 -1.0614974088023261 -1.0064687054191024 0.004639625144648613
2101.0 3084.0 338.8083541966597 338.8927078099722 -1.0064519105218224 -0.9649727286526797 0.003498401007937332
2102.0 3084.0 338.89271728196894 338.9868435386487 -1.0614850793895916 -1.0086417411991462 0.0049731338271648785
2103.0 3084.0 338.89283534564646 338.98685575054196 -1.0086362596702096 -0.9649619895686633 0.004105663456266675
2104.0 3083.0 338.8083417031183 338.8889045053491 -0.9649606959861821 -0.9219646795235447 0.003463409890720841
2105.0 3084.0 338.808338904429 338.8889427319616 -0.9219302058865161 -0.8815293327340227 0.003256061656567551
2106.0 3084.0 338.80837782073337 338.84664574480723 -0.8814952798061703 -0.8047237126687815 0.002937570214349486
2107.0 3084.0 338.84665704444467 338.88893920133563 -0.8815262930002438 -0.8047035296300583 0.003247880218560423
2108.0 3084.0 338.88895374575776 338.9397045708306 -0.9649613079001577 -0.887998638081675 0.003905408064485295
2109.0 3084.0 338.93971487588607 338.9868461514596 -0.9649610741224581 -0.8880897280000974 0.0036225706258484407
2110.0 3084.0 338.88894663698704 338.9334294085233 -0.8879886048850976 -0.8046959084902292 0.00370468544759486
2111.0 3084.0 338.9334479184523 338.98685436248047 -0.8879929378111778 -0.8047062833032274 0.004447558388375308
2112.0 3083.0 338.31168353621626 338.3827041251277 -0.804665582080239 -0.7646500939804113 0.0028416569765042504
2113.0 3084.0 338.31168584258234 338.38271516578044 -0.7646484668146578 -0.7180119961960418 0.003312279581308762
2114.0 3084.0 338.3827176949808 338.4223023489976 -0.8046766884007778 -0.718019716883443 0.0034299830672571904
2115.0 3084.0 338.4223031088871 338.47405025204955 -0.8046770762908239 -0.7180168354120906 0.004484023559864075
2116.0 3083.0 338.31168790065544 338.37428537309626 -0.7180012093178444 -0.6718086319164087 0.002891325846003915
2117.0 3084.0 338.3116853898187 338.3742911135617 -0.671803584350575 -0.6238231430735035 0.003003658165234212
2118.0 3084.0 338.37430973778424 338.41939567216764 -0.717996516436046 -0.6238124071616439 0.004246086980813204
2119.0 3084.0 338.4194004551964 338.47406083607314 -0.718005212006127 -0.6237751839457771 0.005150295553995858
2120.0 3083.0 338.4740947290056 338.55884881314546 -0.8046787943413655 -0.7625465445749022 0.0035705461999526577
2121.0 3084.0 338.47408418089555 338.55882108708386 -0.7625443279557443 -0.7150265434983037 0.004026175206537485
2122.0 3084.0 338.55885822189936 338.627115649973 -0.8046468792620494 -0.7611193479840186 0.0029707999155130626
2123.0 3084.0 338.5588631241521 338.6270844377813 -0.7611177387089586 -0.7150211379018396 0.003144509659227789
2124.0 3084.0 338.47410090950655 338.553791825145 -0.71499561613652 -0.6672525071514636 0.0038044151699872172
2125.0 3084.0 338.47406188337783 338.553753895326 -0.6672415176654416 -0.6237742187013766 0.003463776588392878
2126.0 3084.0 338.5537951306904 338.6271154945087 -0.7150168427771583 -0.6697777889618817 0.0033167016016175566
2127.0 3084.0 338.55380465682026 338.62705827395445 -0.6697585812349807 -0.6238018692234008 0.00336628080394744
2128.0 3083.0 338.31168332728646 338.38851863120436 -0.6237644329851181 -0.5847376186857727 0.002998470324458174
2129.0 3084.0 338.31167460868 338.3885029764623 -0.5847082451018025 -0.525477182510558 0.004550412096493916
2130.0 3084.0 338.38853765032115 338.4706159150465 -0.6237720530218385 -0.5806782910217849 0.0035368657416261114
2131.0 3084.0 338.38854206255064 338.47057325008325 -0.5806154854338305 -0.5254752181616792 0.004523010717947438
2132.0 3084.0 338.3117452517928 338.39092771801546 -0.5254238425773752 -0.4770269330774051 0.0038320399038196946
2133.0 3084.0 338.3117579863106 338.3909334482995 -0.4770162660476861 -0.4306152143629657 0.0036737093643744926
2134.0 3084.0 338.39093903276216 338.47063031066244 -0.5254735143477499 -0.47823288143047926 0.003764521887839359
2135.0 3084.0 338.3909669774003 338.4706235227079 -0.4782102068410703 -0.43058241451073986 0.0037937459792235883
2136.0 3083.0 338.47068418500334 338.5500992601838 -0.6237458949563077 -0.5775947203667863 0.003664897491650594
2137.0 3084.0 338.4706814008217 338.55014442891945 -0.5775923257822969 -0.5346845297842318 0.003409422703464757
2138.0 3084.0 338.5501475944814 338.6270860359437 -0.6237613158078361 -0.5752592516488758 0.003731468836532241
2139.0 3084.0 338.55016094921683 338.62711747314285 -0.5752543875755121 -0.5347044886317704 0.0031204328134960204
2140.0 3084.0 338.47065781495724 338.54347997626024 -0.5346780094919399 -0.4827003393533067 0.003784976970351907
2141.0 3084.0 338.47064822347284 338.54347953197055 -0.48266852197310717 -0.4307123292970072 0.00378391716274798
2142.0 3084.0 338.5434905273637 338.62711010027704 -0.5346775834370142 -0.48805654523727476 0.0038982759291801995
2143.0 3084.0 338.54354315278835 338.6271115425544 -0.48804535744069394 -0.4305868995383381 0.0048015563127086925
2144.0 3083.0 338.62714478591573 338.6673124051494 -0.8046602200230436 -0.7308271651308672 0.002965431587903064
2145.0 3084.0 338.6673856963892 338.7074045066109 -0.8046588376267857 -0.7308003195319424 0.0029554644762011806
2146.0 3084.0 338.707414415187 338.7455918851267 -0.8046923655071799 -0.7308006909528465 0.002820743734440337
2147.0 3084.0 338.74560417859095 338.7829985966308 -0.804689843210584 -0.7307846361313581 0.002763393918121911
2148.0 3083.0 338.6271447989465 338.70347087150765 -0.7307779960548277 -0.6849719977015727 0.003495925035262454
2149.0 3084.0 338.6271182076884 338.7034742317192 -0.6849618584578413 -0.637126523567306 0.003652272781026357
2150.0 3084.0 338.70350776812387 338.7829963604095 -0.7307706161842248 -0.6902733558760672 0.0032188226295278154
2151.0 3084.0 338.7034747974255 338.7830010222256 -0.6902642170712835 -0.6371065533168189 0.004227144556564249
2152.0 3083.0 338.7830065513104 338.82643557508675 -0.8046937491444587 -0.7354596913232122 0.0030064957876806994
2153.0 3084.0 338.82644101201623 338.8694792106013 -0.8046691218845243 -0.7354718059149572 0.00297785866373781
2154.0 3084.0 338.7830057547572 338.8694352743142 -0.7354412631359629 -0.6938701191202773 0.0035926944355048934
2155.0 3084.0 338.7830037985281 338.8694340118683 -0.6938378539941306 -0.6371140946157885 0.004902315738778341
2156.0 3084.0 338.86948375067226 338.9197197675439 -0.804683471777726 -0.7388147112467318 0.003308683814643151
2157.0 3084.0 338.9197208946385 338.9868208916056 -0.8046760342085585 -0.7388093439076453 0.004419253561763409
2158.0 3084.0 338.8694893151284 338.9257130776194 -0.7388052383377492 -0.6371835222781725 0.005713142575075332
2159.0 3084.0 338.9257379858717 338.9868390206153 -0.7387859246108678 -0.6371481454320539 0.006209724992141967
