apolo/data/files/log_tiling_bf0.ecsv
# %ECSV 0.9
# ---
# datatype:
# - {name: tile, datatype: float64}
# - {name: n, datatype: float64}
# - {name: l_min, datatype: float64}
# - {name: l_max, datatype: float64}
# - {name: b_min, datatype: float64}
# - {name: b_max, datatype: float64}
# - {name: area, datatype: float64}
# schema: astropy-2.0
tile n l_min l_max b_min b_max area
[from data line 2752]
2752.0 4882.0 340.74880396270385 340.8154706293705 0.310773128350315 0.37743979501698166 0.004444364039481639
2753.0 5921.0 340.74880396270385 340.8154706293705 0.37743979501698166 0.4441064616836483 0.004444329973143282
2754.0 5991.0 340.74880396270385 340.8154706293705 0.4441064616836483 0.510773128350315 0.00444428988982637
2755.0 5366.0 340.74880396270385 340.8154706293705 0.510773128350315 0.5774397950169816 0.004444243789585153
2756.0 5488.0 340.74880396270385 340.8154706293705 0.5774397950169816 0.6441064616836483 0.0044441916724820675
2757.0 5168.0 340.74880396270385 340.8154706293705 0.6441064616836483 0.7107731283503149 0.00444413353858767
2758.0 4968.0 340.74880396270385 340.8154706293705 0.7107731283503149 0.7774397950169816 0.004444069387980625
2759.0 4630.0 340.74880396270385 340.8154706293705 0.7774397950169816 0.8441064616836482 0.0044439992207478286
2760.0 4598.0 340.74880396270385 340.8154706293705 0.8441064616836482 0.9107731283503151 0.004443923036984274
2761.0 3978.0 340.74880396270385 340.8154706293705 0.9107731283503151 0.9774397950169815 0.004443840836793055
2762.0 3583.0 340.74880396270385 340.8154706293705 0.9774397950169815 1.044106461683648 0.004443752620285514
2763.0 3636.0 340.74880396270385 340.8154706293705 1.044106461683648 1.1107731283503148 0.00444365838758108
2764.0 1206.0 340.74880396270385 340.8154706293705 1.1107731283503148 1.1774397950169817 0.004443558138807332
2765.0 2315.0 340.8154706293705 340.8821372960372 -1.1558935383163513 -1.0892268716496847 0.004443591196562644
2766.0 2297.0 340.8154706293705 340.8821372960372 -1.0892268716496847 -1.022560204983018 0.004443689500994244
2767.0 1788.0 340.8154706293705 340.8821372960372 -1.022560204983018 -0.9558935383163514 0.004443781789314415
2768.0 1960.0 340.8154706293705 340.8821372960372 -0.9558935383163514 -0.8892268716496847 0.004443868061398161
2769.0 3135.0 340.8154706293705 340.8821372960372 -0.8892268716496847 -0.8225602049830181 0.004443948317128741
2770.0 3115.0 340.8154706293705 340.8821372960372 -0.8225602049830181 -0.7558935383163514 0.0044440225563974565
2771.0 3275.0 340.8154706293705 340.8821372960372 -0.7558935383163514 -0.6892268716496848 0.004444090779103791
2772.0 3447.0 340.8154706293705 340.8821372960372 -0.6892268716496848 -0.6225602049830181 0.004444152985155406
2773.0 2773.0 340.8154706293705 340.8821372960372 -0.6225602049830181 -0.5558935383163515 0.004444209174468087
2774.0 3110.0 340.8154706293705 340.8821372960372 -0.5558935383163515 -0.4892268716496848 0.004444259346965742
2775.0 2686.0 340.8154706293705 340.8821372960372 -0.4892268716496848 -0.42256020498301816 0.004444303502580449
2776.0 2488.0 340.8154706293705 340.8821372960372 -0.42256020498301816 -0.3558935383163515 0.004444341641252433
2777.0 2102.0 340.8154706293705 340.8821372960372 -0.3558935383163515 -0.28922687164968486 0.00444437376293006
2778.0 1557.0 340.8154706293705 340.8821372960372 -0.28922687164968486 -0.2225602049830182 0.004444399867569846
2779.0 1376.0 340.8154706293705 340.8821372960372 -0.2225602049830182 -0.15589353831635155 0.004444419955136438
2780.0 1442.0 340.8154706293705 340.8821372960372 -0.15589353831635155 -0.0892268716496849 0.004444434025602642
2781.0 2327.0 340.8154706293705 340.8821372960372 -0.0892268716496849 -0.02256020498301825 0.00444444207894942
2782.0 3373.0 340.8154706293705 340.8821372960372 -0.02256020498301825 0.0441064616836484 0.004444444115165857
2783.0 3939.0 340.8154706293705 340.8821372960372 0.0441064616836484 0.11077312835031505 0.004444440134249203
2784.0 5272.0 340.8154706293705 340.8821372960372 0.11077312835031505 0.1774397950169817 0.004444430136204842
2785.0 4319.0 340.8154706293705 340.8821372960372 0.1774397950169817 0.24410646168364836 0.004444414121046317
2786.0 4534.0 340.8154706293705 340.8821372960372 0.24410646168364836 0.310773128350315 0.004444392088795302
2787.0 5562.0 340.8154706293705 340.8821372960372 0.310773128350315 0.37743979501698166 0.004444364039481639
2788.0 6090.0 340.8154706293705 340.8821372960372 0.37743979501698166 0.4441064616836483 0.004444329973143282
2789.0 6129.0 340.8154706293705 340.8821372960372 0.4441064616836483 0.510773128350315 0.00444428988982637
2790.0 5887.0 340.8154706293705 340.8821372960372 0.510773128350315 0.5774397950169816 0.004444243789585153
2791.0 5588.0 340.8154706293705 340.8821372960372 0.5774397950169816 0.6441064616836483 0.0044441916724820675
2792.0 4822.0 340.8154706293705 340.8821372960372 0.6441064616836483 0.7107731283503149 0.00444413353858767
2793.0 4931.0 340.8154706293705 340.8821372960372 0.7107731283503149 0.7774397950169816 0.004444069387980625
2794.0 4654.0 340.8154706293705 340.8821372960372 0.7774397950169816 0.8441064616836482 0.0044439992207478286
2795.0 4553.0 340.8154706293705 340.8821372960372 0.8441064616836482 0.9107731283503151 0.004443923036984274
2796.0 4278.0 340.8154706293705 340.8821372960372 0.9107731283503151 0.9774397950169815 0.004443840836793055
2797.0 4217.0 340.8154706293705 340.8821372960372 0.9774397950169815 1.044106461683648 0.004443752620285514
2798.0 3883.0 340.8154706293705 340.8821372960372 1.044106461683648 1.1107731283503148 0.00444365838758108
2799.0 1263.0 340.8154706293705 340.8821372960372 1.1107731283503148 1.1774397950169817 0.004443558138807332
2800.0 2880.0 340.8821372960372 340.94880396270383 -1.1558935383163513 -1.0892268716496847 0.004443591196562644
2801.0 2485.0 340.8821372960372 340.94880396270383 -1.0892268716496847 -1.022560204983018 0.004443689500994244
2802.0 1374.0 340.8821372960372 340.94880396270383 -1.022560204983018 -0.9558935383163514 0.004443781789314415
2803.0 2284.0 340.8821372960372 340.94880396270383 -0.9558935383163514 -0.8892268716496847 0.004443868061398161
2804.0 3005.0 340.8821372960372 340.94880396270383 -0.8892268716496847 -0.8225602049830181 0.004443948317128741
2805.0 3023.0 340.8821372960372 340.94880396270383 -0.8225602049830181 -0.7558935383163514 0.0044440225563974565
2806.0 2927.0 340.8821372960372 340.94880396270383 -0.7558935383163514 -0.6892268716496848 0.004444090779103791
2807.0 3333.0 340.8821372960372 340.94880396270383 -0.6892268716496848 -0.6225602049830181 0.004444152985155406
2808.0 3043.0 340.8821372960372 340.94880396270383 -0.6225602049830181 -0.5558935383163515 0.004444209174468087
2809.0 2274.0 340.8821372960372 340.94880396270383 -0.5558935383163515 -0.4892268716496848 0.004444259346965742
2810.0 2109.0 340.8821372960372 340.94880396270383 -0.4892268716496848 -0.42256020498301816 0.004444303502580449
2811.0 2140.0 340.8821372960372 340.94880396270383 -0.42256020498301816 -0.3558935383163515 0.004444341641252433
2812.0 1632.0 340.8821372960372 340.94880396270383 -0.3558935383163515 -0.28922687164968486 0.00444437376293006
2813.0 1376.0 340.8821372960372 340.94880396270383 -0.28922687164968486 -0.2225602049830182 0.004444399867569846
2814.0 1527.0 340.8821372960372 340.94880396270383 -0.2225602049830182 -0.15589353831635155 0.004444419955136438
2815.0 1891.0 340.8821372960372 340.94880396270383 -0.15589353831635155 -0.0892268716496849 0.004444434025602642
2816.0 1967.0 340.8821372960372 340.94880396270383 -0.0892268716496849 -0.02256020498301825 0.00444444207894942
2817.0 2838.0 340.8821372960372 340.94880396270383 -0.02256020498301825 0.0441064616836484 0.004444444115165857
2818.0 2922.0 340.8821372960372 340.94880396270383 0.0441064616836484 0.11077312835031505 0.004444440134249203
2819.0 4361.0 340.8821372960372 340.94880396270383 0.11077312835031505 0.1774397950169817 0.004444430136204842
2820.0 4095.0 340.8821372960372 340.94880396270383 0.1774397950169817 0.24410646168364836 0.004444414121046317
2821.0 4965.0 340.8821372960372 340.94880396270383 0.24410646168364836 0.310773128350315 0.004444392088795302
2822.0 5568.0 340.8821372960372 340.94880396270383 0.310773128350315 0.37743979501698166 0.004444364039481639
2823.0 5173.0 340.8821372960372 340.94880396270383 0.37743979501698166 0.4441064616836483 0.004444329973143282
2824.0 6183.0 340.8821372960372 340.94880396270383 0.4441064616836483 0.510773128350315 0.00444428988982637
2825.0 5645.0 340.8821372960372 340.94880396270383 0.510773128350315 0.5774397950169816 0.004444243789585153
2826.0 5714.0 340.8821372960372 340.94880396270383 0.5774397950169816 0.6441064616836483 0.0044441916724820675
2827.0 4626.0 340.8821372960372 340.94880396270383 0.6441064616836483 0.7107731283503149 0.00444413353858767
2828.0 4490.0 340.8821372960372 340.94880396270383 0.7107731283503149 0.7774397950169816 0.004444069387980625
2829.0 4470.0 340.8821372960372 340.94880396270383 0.7774397950169816 0.8441064616836482 0.0044439992207478286
2830.0 4243.0 340.8821372960372 340.94880396270383 0.8441064616836482 0.9107731283503151 0.004443923036984274
2831.0 3931.0 340.8821372960372 340.94880396270383 0.9107731283503151 0.9774397950169815 0.004443840836793055
2832.0 3840.0 340.8821372960372 340.94880396270383 0.9774397950169815 1.044106461683648 0.004443752620285514
2833.0 3741.0 340.8821372960372 340.94880396270383 1.044106461683648 1.1107731283503148 0.00444365838758108
2834.0 1260.0 340.8821372960372 340.94880396270383 1.1107731283503148 1.1774397950169817 0.004443558138807332
2835.0 3158.0 340.94880396270383 341.0154706293705 -1.1558935383163513 -1.0892268716496847 0.004443591196562644
2836.0 2557.0 340.94880396270383 341.0154706293705 -1.0892268716496847 -1.022560204983018 0.004443689500994244
2837.0 2102.0 340.94880396270383 341.0154706293705 -1.022560204983018 -0.9558935383163514 0.004443781789314415
2838.0 3068.0 340.94880396270383 341.0154706293705 -0.9558935383163514 -0.8892268716496847 0.004443868061398161
2839.0 3333.0 340.94880396270383 341.0154706293705 -0.8892268716496847 -0.8225602049830181 0.004443948317128741
2840.0 3197.0 340.94880396270383 341.0154706293705 -0.8225602049830181 -0.7558935383163514 0.0044440225563974565
2841.0 3307.0 340.94880396270383 341.0154706293705 -0.7558935383163514 -0.6892268716496848 0.004444090779103791
2842.0 3526.0 340.94880396270383 341.0154706293705 -0.6892268716496848 -0.6225602049830181 0.004444152985155406
2843.0 2995.0 340.94880396270383 341.0154706293705 -0.6225602049830181 -0.5558935383163515 0.004444209174468087
2844.0 2720.0 340.94880396270383 341.0154706293705 -0.5558935383163515 -0.4892268716496848 0.004444259346965742
2845.0 2556.0 340.94880396270383 341.0154706293705 -0.4892268716496848 -0.42256020498301816 0.004444303502580449
2846.0 1710.0 340.94880396270383 341.0154706293705 -0.42256020498301816 -0.3558935383163515 0.004444341641252433
2847.0 1401.0 340.94880396270383 341.0154706293705 -0.3558935383163515 -0.28922687164968486 0.00444437376293006
2848.0 1500.0 340.94880396270383 341.0154706293705 -0.28922687164968486 -0.2225602049830182 0.004444399867569846
2849.0 1522.0 340.94880396270383 341.0154706293705 -0.2225602049830182 -0.15589353831635155 0.004444419955136438
2850.0 1389.0 340.94880396270383 341.0154706293705 -0.15589353831635155 -0.0892268716496849 0.004444434025602642
2851.0 1780.0 340.94880396270383 341.0154706293705 -0.0892268716496849 -0.02256020498301825 0.00444444207894942
2852.0 2268.0 340.94880396270383 341.0154706293705 -0.02256020498301825 0.0441064616836484 0.004444444115165857
2853.0 2744.0 340.94880396270383 341.0154706293705 0.0441064616836484 0.11077312835031505 0.004444440134249203
2854.0 3285.0 340.94880396270383 341.0154706293705 0.11077312835031505 0.1774397950169817 0.004444430136204842
2855.0 4251.0 340.94880396270383 341.0154706293705 0.1774397950169817 0.24410646168364836 0.004444414121046317
2856.0 4918.0 340.94880396270383 341.0154706293705 0.24410646168364836 0.310773128350315 0.004444392088795302
2857.0 4983.0 340.94880396270383 341.0154706293705 0.310773128350315 0.37743979501698166 0.004444364039481639
2858.0 5402.0 340.94880396270383 341.0154706293705 0.37743979501698166 0.4441064616836483 0.004444329973143282
2859.0 5808.0 340.94880396270383 341.0154706293705 0.4441064616836483 0.510773128350315 0.00444428988982637
2860.0 5644.0 340.94880396270383 341.0154706293705 0.510773128350315 0.5774397950169816 0.004444243789585153
2861.0 5693.0 340.94880396270383 341.0154706293705 0.5774397950169816 0.6441064616836483 0.0044441916724820675
2862.0 5011.0 340.94880396270383 341.0154706293705 0.6441064616836483 0.7107731283503149 0.00444413353858767
2863.0 5060.0 340.94880396270383 341.0154706293705 0.7107731283503149 0.7774397950169816 0.004444069387980625
2864.0 4769.0 340.94880396270383 341.0154706293705 0.7774397950169816 0.8441064616836482 0.0044439992207478286
2865.0 4213.0 340.94880396270383 341.0154706293705 0.8441064616836482 0.9107731283503151 0.004443923036984274
2866.0 3924.0 340.94880396270383 341.0154706293705 0.9107731283503151 0.9774397950169815 0.004443840836793055
2867.0 3995.0 340.94880396270383 341.0154706293705 0.9774397950169815 1.044106461683648 0.004443752620285514
2868.0 3951.0 340.94880396270383 341.0154706293705 1.044106461683648 1.1107731283503148 0.00444365838758108
2869.0 1269.0 340.94880396270383 341.0154706293705 1.1107731283503148 1.1774397950169817 0.004443558138807332
2870.0 2704.0 341.0154706293705 341.08213729603716 -1.1558935383163513 -1.0892268716496847 0.004443591196562644
2871.0 2031.0 341.0154706293705 341.08213729603716 -1.0892268716496847 -1.022560204983018 0.004443689500994244
2872.0 2651.0 341.0154706293705 341.08213729603716 -1.022560204983018 -0.9558935383163514 0.004443781789314415
2873.0 2974.0 341.0154706293705 341.08213729603716 -0.9558935383163514 -0.8892268716496847 0.004443868061398161
2874.0 3302.0 341.0154706293705 341.08213729603716 -0.8892268716496847 -0.8225602049830181 0.004443948317128741
2875.0 3398.0 341.0154706293705 341.08213729603716 -0.8225602049830181 -0.7558935383163514 0.0044440225563974565
2876.0 3595.0 341.0154706293705 341.08213729603716 -0.7558935383163514 -0.6892268716496848 0.004444090779103791
2877.0 3830.0 341.0154706293705 341.08213729603716 -0.6892268716496848 -0.6225602049830181 0.004444152985155406
2878.0 3437.0 341.0154706293705 341.08213729603716 -0.6225602049830181 -0.5558935383163515 0.004444209174468087
2879.0 3407.0 341.0154706293705 341.08213729603716 -0.5558935383163515 -0.4892268716496848 0.004444259346965742
2880.0 2311.0 341.0154706293705 341.08213729603716 -0.4892268716496848 -0.42256020498301816 0.004444303502580449
2881.0 1565.0 341.0154706293705 341.08213729603716 -0.42256020498301816 -0.3558935383163515 0.004444341641252433
2882.0 1396.0 341.0154706293705 341.08213729603716 -0.3558935383163515 -0.28922687164968486 0.00444437376293006
2883.0 1709.0 341.0154706293705 341.08213729603716 -0.28922687164968486 -0.2225602049830182 0.004444399867569846
2884.0 2541.0 341.0154706293705 341.08213729603716 -0.2225602049830182 -0.15589353831635155 0.004444419955136438
2885.0 1970.0 341.0154706293705 341.08213729603716 -0.15589353831635155 -0.0892268716496849 0.004444434025602642
2886.0 2300.0 341.0154706293705 341.08213729603716 -0.0892268716496849 -0.02256020498301825 0.00444444207894942
2887.0 2393.0 341.0154706293705 341.08213729603716 -0.02256020498301825 0.0441064616836484 0.004444444115165857
2888.0 3070.0 341.0154706293705 341.08213729603716 0.0441064616836484 0.11077312835031505 0.004444440134249203
2889.0 3318.0 341.0154706293705 341.08213729603716 0.11077312835031505 0.1774397950169817 0.004444430136204842
2890.0 3943.0 341.0154706293705 341.08213729603716 0.1774397950169817 0.24410646168364836 0.004444414121046317
2891.0 4062.0 341.0154706293705 341.08213729603716 0.24410646168364836 0.310773128350315 0.004444392088795302
2892.0 3795.0 341.0154706293705 341.08213729603716 0.310773128350315 0.37743979501698166 0.004444364039481639
2893.0 4964.0 341.0154706293705 341.08213729603716 0.37743979501698166 0.4441064616836483 0.004444329973143282
2894.0 5640.0 341.0154706293705 341.08213729603716 0.4441064616836483 0.510773128350315 0.00444428988982637
