apolo/data/files/log_tiling_bf0.ecsv
# %ECSV 0.9
# ---
# datatype:
# - {name: tile, datatype: float64}
# - {name: n, datatype: float64}
# - {name: l_min, datatype: float64}
# - {name: l_max, datatype: float64}
# - {name: b_min, datatype: float64}
# - {name: b_max, datatype: float64}
# - {name: area, datatype: float64}
# schema: astropy-2.0
tile n l_min l_max b_min b_max area
[from data line 1743]
1743.0 4619.0 338.8154706293706 338.8821372960373 0.7107731283503149 0.7774397950169816 0.004444069387980625
1744.0 4672.0 338.8154706293706 338.8821372960373 0.7774397950169816 0.8441064616836482 0.0044439992207478286
1745.0 5123.0 338.8154706293706 338.8821372960373 0.8441064616836482 0.9107731283503151 0.004443923036984274
1746.0 5072.0 338.8154706293706 338.8821372960373 0.9107731283503151 0.9774397950169815 0.004443840836793055
1747.0 5144.0 338.8154706293706 338.8821372960373 0.9774397950169815 1.044106461683648 0.004443752620285514
1748.0 4578.0 338.8154706293706 338.8821372960373 1.044106461683648 1.1107731283503148 0.00444365838758108
1749.0 1377.0 338.8154706293706 338.8821372960373 1.1107731283503148 1.1774397950169817 0.004443558138807332
1750.0 3267.0 338.8821372960373 338.94880396270395 -1.1558935383163513 -1.0892268716496847 0.004443591196562644
1751.0 3012.0 338.8821372960373 338.94880396270395 -1.0892268716496847 -1.022560204983018 0.004443689500994244
1752.0 3424.0 338.8821372960373 338.94880396270395 -1.022560204983018 -0.9558935383163514 0.004443781789314415
1753.0 3552.0 338.8821372960373 338.94880396270395 -0.9558935383163514 -0.8892268716496847 0.004443868061398161
1754.0 3490.0 338.8821372960373 338.94880396270395 -0.8892268716496847 -0.8225602049830181 0.004443948317128741
1755.0 3643.0 338.8821372960373 338.94880396270395 -0.8225602049830181 -0.7558935383163514 0.0044440225563974565
1756.0 3078.0 338.8821372960373 338.94880396270395 -0.7558935383163514 -0.6892268716496848 0.004444090779103791
1757.0 1910.0 338.8821372960373 338.94880396270395 -0.6892268716496848 -0.6225602049830181 0.004444152985155406
1758.0 3243.0 338.8821372960373 338.94880396270395 -0.6225602049830181 -0.5558935383163515 0.004444209174468087
1759.0 2435.0 338.8821372960373 338.94880396270395 -0.5558935383163515 -0.4892268716496848 0.004444259346965742
1760.0 2151.0 338.8821372960373 338.94880396270395 -0.4892268716496848 -0.42256020498301816 0.004444303502580449
1761.0 4275.0 338.8821372960373 338.94880396270395 -0.42256020498301816 -0.3558935383163515 0.004444341641252433
1762.0 4648.0 338.8821372960373 338.94880396270395 -0.3558935383163515 -0.28922687164968486 0.00444437376293006
1763.0 4319.0 338.8821372960373 338.94880396270395 -0.28922687164968486 -0.2225602049830182 0.004444399867569846
1764.0 3611.0 338.8821372960373 338.94880396270395 -0.2225602049830182 -0.15589353831635155 0.004444419955136438
1765.0 3925.0 338.8821372960373 338.94880396270395 -0.15589353831635155 -0.0892268716496849 0.004444434025602642
1766.0 3590.0 338.8821372960373 338.94880396270395 -0.0892268716496849 -0.02256020498301825 0.00444444207894942
1767.0 6043.0 338.8821372960373 338.94880396270395 -0.02256020498301825 0.0441064616836484 0.004444444115165857
1768.0 7357.0 338.8821372960373 338.94880396270395 0.0441064616836484 0.11077312835031505 0.004444440134249203
1769.0 7027.0 338.8821372960373 338.94880396270395 0.11077312835031505 0.1774397950169817 0.004444430136204842
1770.0 6752.0 338.8821372960373 338.94880396270395 0.1774397950169817 0.24410646168364836 0.004444414121046317
1771.0 4665.0 338.8821372960373 338.94880396270395 0.24410646168364836 0.310773128350315 0.004444392088795302
1772.0 3693.0 338.8821372960373 338.94880396270395 0.310773128350315 0.37743979501698166 0.004444364039481639
1773.0 3094.0 338.8821372960373 338.94880396270395 0.37743979501698166 0.4441064616836483 0.004444329973143282
1774.0 2752.0 338.8821372960373 338.94880396270395 0.4441064616836483 0.510773128350315 0.00444428988982637
1775.0 2647.0 338.8821372960373 338.94880396270395 0.510773128350315 0.5774397950169816 0.004444243789585153
1776.0 3632.0 338.8821372960373 338.94880396270395 0.5774397950169816 0.6441064616836483 0.0044441916724820675
1777.0 3741.0 338.8821372960373 338.94880396270395 0.6441064616836483 0.7107731283503149 0.00444413353858767
1778.0 4976.0 338.8821372960373 338.94880396270395 0.7107731283503149 0.7774397950169816 0.004444069387980625
1779.0 4787.0 338.8821372960373 338.94880396270395 0.7774397950169816 0.8441064616836482 0.0044439992207478286
1780.0 4906.0 338.8821372960373 338.94880396270395 0.8441064616836482 0.9107731283503151 0.004443923036984274
1781.0 5014.0 338.8821372960373 338.94880396270395 0.9107731283503151 0.9774397950169815 0.004443840836793055
1782.0 4939.0 338.8821372960373 338.94880396270395 0.9774397950169815 1.044106461683648 0.004443752620285514
1783.0 4398.0 338.8821372960373 338.94880396270395 1.044106461683648 1.1107731283503148 0.00444365838758108
1784.0 1339.0 338.8821372960373 338.94880396270395 1.1107731283503148 1.1774397950169817 0.004443558138807332
1785.0 3369.0 338.94880396270395 339.0154706293706 -1.1558935383163513 -1.0892268716496847 0.004443591196562644
1786.0 3313.0 338.94880396270395 339.0154706293706 -1.0892268716496847 -1.022560204983018 0.004443689500994244
1787.0 3128.0 338.94880396270395 339.0154706293706 -1.022560204983018 -0.9558935383163514 0.004443781789314415
1788.0 3684.0 338.94880396270395 339.0154706293706 -0.9558935383163514 -0.8892268716496847 0.004443868061398161
1789.0 3357.0 338.94880396270395 339.0154706293706 -0.8892268716496847 -0.8225602049830181 0.004443948317128741
1790.0 3602.0 338.94880396270395 339.0154706293706 -0.8225602049830181 -0.7558935383163514 0.0044440225563974565
1791.0 2234.0 338.94880396270395 339.0154706293706 -0.7558935383163514 -0.6892268716496848 0.004444090779103791
1792.0 2146.0 338.94880396270395 339.0154706293706 -0.6892268716496848 -0.6225602049830181 0.004444152985155406
1793.0 3308.0 338.94880396270395 339.0154706293706 -0.6225602049830181 -0.5558935383163515 0.004444209174468087
1794.0 3925.0 338.94880396270395 339.0154706293706 -0.5558935383163515 -0.4892268716496848 0.004444259346965742
1795.0 3649.0 338.94880396270395 339.0154706293706 -0.4892268716496848 -0.42256020498301816 0.004444303502580449
1796.0 3809.0 338.94880396270395 339.0154706293706 -0.42256020498301816 -0.3558935383163515 0.004444341641252433
1797.0 4514.0 338.94880396270395 339.0154706293706 -0.3558935383163515 -0.28922687164968486 0.00444437376293006
1798.0 3987.0 338.94880396270395 339.0154706293706 -0.28922687164968486 -0.2225602049830182 0.004444399867569846
1799.0 3616.0 338.94880396270395 339.0154706293706 -0.2225602049830182 -0.15589353831635155 0.004444419955136438
1800.0 3973.0 338.94880396270395 339.0154706293706 -0.15589353831635155 -0.0892268716496849 0.004444434025602642
1801.0 4711.0 338.94880396270395 339.0154706293706 -0.0892268716496849 -0.02256020498301825 0.00444444207894942
1802.0 6430.0 338.94880396270395 339.0154706293706 -0.02256020498301825 0.0441064616836484 0.004444444115165857
1803.0 7348.0 338.94880396270395 339.0154706293706 0.0441064616836484 0.11077312835031505 0.004444440134249203
1804.0 7051.0 338.94880396270395 339.0154706293706 0.11077312835031505 0.1774397950169817 0.004444430136204842
1805.0 6732.0 338.94880396270395 339.0154706293706 0.1774397950169817 0.24410646168364836 0.004444414121046317
1806.0 4443.0 338.94880396270395 339.0154706293706 0.24410646168364836 0.310773128350315 0.004444392088795302
1807.0 3521.0 338.94880396270395 339.0154706293706 0.310773128350315 0.37743979501698166 0.004444364039481639
1808.0 3628.0 338.94880396270395 339.0154706293706 0.37743979501698166 0.4441064616836483 0.004444329973143282
1809.0 3433.0 338.94880396270395 339.0154706293706 0.4441064616836483 0.510773128350315 0.00444428988982637
1810.0 2547.0 338.94880396270395 339.0154706293706 0.510773128350315 0.5774397950169816 0.004444243789585153
1811.0 3164.0 338.94880396270395 339.0154706293706 0.5774397950169816 0.6441064616836483 0.0044441916724820675
1812.0 3665.0 338.94880396270395 339.0154706293706 0.6441064616836483 0.7107731283503149 0.00444413353858767
1813.0 5018.0 338.94880396270395 339.0154706293706 0.7107731283503149 0.7774397950169816 0.004444069387980625
1814.0 5066.0 338.94880396270395 339.0154706293706 0.7774397950169816 0.8441064616836482 0.0044439992207478286
1815.0 4850.0 338.94880396270395 339.0154706293706 0.8441064616836482 0.9107731283503151 0.004443923036984274
1816.0 4840.0 338.94880396270395 339.0154706293706 0.9107731283503151 0.9774397950169815 0.004443840836793055
1817.0 4864.0 338.94880396270395 339.0154706293706 0.9774397950169815 1.044106461683648 0.004443752620285514
1818.0 4418.0 338.94880396270395 339.0154706293706 1.044106461683648 1.1107731283503148 0.00444365838758108
1819.0 1486.0 338.94880396270395 339.0154706293706 1.1107731283503148 1.1774397950169817 0.004443558138807332
1820.0 3177.0 339.0154706293706 339.0821372960373 -1.1558935383163513 -1.0892268716496847 0.004443591196562644
1821.0 3005.0 339.0154706293706 339.0821372960373 -1.0892268716496847 -1.022560204983018 0.004443689500994244
1822.0 3215.0 339.0154706293706 339.0821372960373 -1.022560204983018 -0.9558935383163514 0.004443781789314415
1823.0 2948.0 339.0154706293706 339.0821372960373 -0.9558935383163514 -0.8892268716496847 0.004443868061398161
1824.0 3314.0 339.0154706293706 339.0821372960373 -0.8892268716496847 -0.8225602049830181 0.004443948317128741
1825.0 3375.0 339.0154706293706 339.0821372960373 -0.8225602049830181 -0.7558935383163514 0.0044440225563974565
1826.0 2652.0 339.0154706293706 339.0821372960373 -0.7558935383163514 -0.6892268716496848 0.004444090779103791
1827.0 2351.0 339.0154706293706 339.0821372960373 -0.6892268716496848 -0.6225602049830181 0.004444152985155406
1828.0 3297.0 339.0154706293706 339.0821372960373 -0.6225602049830181 -0.5558935383163515 0.004444209174468087
1829.0 3809.0 339.0154706293706 339.0821372960373 -0.5558935383163515 -0.4892268716496848 0.004444259346965742
1830.0 3931.0 339.0154706293706 339.0821372960373 -0.4892268716496848 -0.42256020498301816 0.004444303502580449
1831.0 3004.0 339.0154706293706 339.0821372960373 -0.42256020498301816 -0.3558935383163515 0.004444341641252433
1832.0 4097.0 339.0154706293706 339.0821372960373 -0.3558935383163515 -0.28922687164968486 0.00444437376293006
1833.0 3173.0 339.0154706293706 339.0821372960373 -0.28922687164968486 -0.2225602049830182 0.004444399867569846
1834.0 3383.0 339.0154706293706 339.0821372960373 -0.2225602049830182 -0.15589353831635155 0.004444419955136438
1835.0 3922.0 339.0154706293706 339.0821372960373 -0.15589353831635155 -0.0892268716496849 0.004444434025602642
1836.0 5194.0 339.0154706293706 339.0821372960373 -0.0892268716496849 -0.02256020498301825 0.00444444207894942
1837.0 6799.0 339.0154706293706 339.0821372960373 -0.02256020498301825 0.0441064616836484 0.004444444115165857
1838.0 7288.0 339.0154706293706 339.0821372960373 0.0441064616836484 0.11077312835031505 0.004444440134249203
1839.0 6914.0 339.0154706293706 339.0821372960373 0.11077312835031505 0.1774397950169817 0.004444430136204842
1840.0 7214.0 339.0154706293706 339.0821372960373 0.1774397950169817 0.24410646168364836 0.004444414121046317
1841.0 6294.0 339.0154706293706 339.0821372960373 0.24410646168364836 0.310773128350315 0.004444392088795302
1842.0 3453.0 339.0154706293706 339.0821372960373 0.310773128350315 0.37743979501698166 0.004444364039481639
1843.0 3678.0 339.0154706293706 339.0821372960373 0.37743979501698166 0.4441064616836483 0.004444329973143282
1844.0 4284.0 339.0154706293706 339.0821372960373 0.4441064616836483 0.510773128350315 0.00444428988982637
1845.0 3579.0 339.0154706293706 339.0821372960373 0.510773128350315 0.5774397950169816 0.004444243789585153
1846.0 3886.0 339.0154706293706 339.0821372960373 0.5774397950169816 0.6441064616836483 0.0044441916724820675
1847.0 4107.0 339.0154706293706 339.0821372960373 0.6441064616836483 0.7107731283503149 0.00444413353858767
1848.0 4874.0 339.0154706293706 339.0821372960373 0.7107731283503149 0.7774397950169816 0.004444069387980625
1849.0 5052.0 339.0154706293706 339.0821372960373 0.7774397950169816 0.8441064616836482 0.0044439992207478286
1850.0 4881.0 339.0154706293706 339.0821372960373 0.8441064616836482 0.9107731283503151 0.004443923036984274
1851.0 4755.0 339.0154706293706 339.0821372960373 0.9107731283503151 0.9774397950169815 0.004443840836793055
1852.0 4864.0 339.0154706293706 339.0821372960373 0.9774397950169815 1.044106461683648 0.004443752620285514
1853.0 4327.0 339.0154706293706 339.0821372960373 1.044106461683648 1.1107731283503148 0.00444365838758108
1854.0 1418.0 339.0154706293706 339.0821372960373 1.1107731283503148 1.1774397950169817 0.004443558138807332
1855.0 2957.0 339.0821372960373 339.14880396270394 -1.1558935383163513 -1.0892268716496847 0.004443591196562644
1856.0 3233.0 339.0821372960373 339.14880396270394 -1.0892268716496847 -1.022560204983018 0.004443689500994244
1857.0 3308.0 339.0821372960373 339.14880396270394 -1.022560204983018 -0.9558935383163514 0.004443781789314415
1858.0 2786.0 339.0821372960373 339.14880396270394 -0.9558935383163514 -0.8892268716496847 0.004443868061398161
1859.0 3281.0 339.0821372960373 339.14880396270394 -0.8892268716496847 -0.8225602049830181 0.004443948317128741
1860.0 3244.0 339.0821372960373 339.14880396270394 -0.8225602049830181 -0.7558935383163514 0.0044440225563974565
1861.0 3363.0 339.0821372960373 339.14880396270394 -0.7558935383163514 -0.6892268716496848 0.004444090779103791
1862.0 3168.0 339.0821372960373 339.14880396270394 -0.6892268716496848 -0.6225602049830181 0.004444152985155406
1863.0 3345.0 339.0821372960373 339.14880396270394 -0.6225602049830181 -0.5558935383163515 0.004444209174468087
1864.0 3573.0 339.0821372960373 339.14880396270394 -0.5558935383163515 -0.4892268716496848 0.004444259346965742
1865.0 4075.0 339.0821372960373 339.14880396270394 -0.4892268716496848 -0.42256020498301816 0.004444303502580449
1866.0 4113.0 339.0821372960373 339.14880396270394 -0.42256020498301816 -0.3558935383163515 0.004444341641252433
1867.0 4246.0 339.0821372960373 339.14880396270394 -0.3558935383163515 -0.28922687164968486 0.00444437376293006
1868.0 2845.0 339.0821372960373 339.14880396270394 -0.28922687164968486 -0.2225602049830182 0.004444399867569846
1869.0 2424.0 339.0821372960373 339.14880396270394 -0.2225602049830182 -0.15589353831635155 0.004444419955136438
1870.0 3643.0 339.0821372960373 339.14880396270394 -0.15589353831635155 -0.0892268716496849 0.004444434025602642
1871.0 5802.0 339.0821372960373 339.14880396270394 -0.0892268716496849 -0.02256020498301825 0.00444444207894942
1872.0 6676.0 339.0821372960373 339.14880396270394 -0.02256020498301825 0.0441064616836484 0.004444444115165857
1873.0 7246.0 339.0821372960373 339.14880396270394 0.0441064616836484 0.11077312835031505 0.004444440134249203
1874.0 7287.0 339.0821372960373 339.14880396270394 0.11077312835031505 0.1774397950169817 0.004444430136204842
1875.0 7001.0 339.0821372960373 339.14880396270394 0.1774397950169817 0.24410646168364836 0.004444414121046317
1876.0 6349.0 339.0821372960373 339.14880396270394 0.24410646168364836 0.310773128350315 0.004444392088795302
1877.0 4811.0 339.0821372960373 339.14880396270394 0.310773128350315 0.37743979501698166 0.004444364039481639
1878.0 4417.0 339.0821372960373 339.14880396270394 0.37743979501698166 0.4441064616836483 0.004444329973143282
1879.0 4666.0 339.0821372960373 339.14880396270394 0.4441064616836483 0.510773128350315 0.00444428988982637
1880.0 4370.0 339.0821372960373 339.14880396270394 0.510773128350315 0.5774397950169816 0.004444243789585153
1881.0 4771.0 339.0821372960373 339.14880396270394 0.5774397950169816 0.6441064616836483 0.0044441916724820675
1882.0 4817.0 339.0821372960373 339.14880396270394 0.6441064616836483 0.7107731283503149 0.00444413353858767
1883.0 3885.0 339.0821372960373 339.14880396270394 0.7107731283503149 0.7774397950169816 0.004444069387980625
1884.0 3956.0 339.0821372960373 339.14880396270394 0.7774397950169816 0.8441064616836482 0.0044439992207478286
1885.0 4794.0 339.0821372960373 339.14880396270394 0.8441064616836482 0.9107731283503151 0.004443923036984274
1886.0 4490.0 339.0821372960373 339.14880396270394 0.9107731283503151 0.9774397950169815 0.004443840836793055
