apolo/data/files/log_tiling_bf2.ecsv
# %ECSV 0.9
# ---
# datatype:
# - {name: tile, datatype: float64}
# - {name: n, datatype: float64}
# - {name: l_min, datatype: float64}
# - {name: l_max, datatype: float64}
# - {name: b_min, datatype: float64}
# - {name: b_max, datatype: float64}
# - {name: area, datatype: float64}
# schema: astropy-2.0
tile n l_min l_max b_min b_max area
[from data line 1888]
1888.0 4322.0 339.0488039627039 339.1154706293706 1.044106461683648 1.1107731283503148 0.00444365838758108
1889.0 1346.0 339.0488039627039 339.1154706293706 1.1107731283503148 1.1774397950169817 0.004443558138807332
1890.0 2891.0 339.1154706293706 339.18213729603724 -1.1558935383163513 -1.0892268716496847 0.004443591196562644
1891.0 3204.0 339.1154706293706 339.18213729603724 -1.0892268716496847 -1.022560204983018 0.004443689500994244
1892.0 3110.0 339.1154706293706 339.18213729603724 -1.022560204983018 -0.9558935383163514 0.004443781789314415
1893.0 2542.0 339.1154706293706 339.18213729603724 -0.9558935383163514 -0.8892268716496847 0.004443868061398161
1894.0 2717.0 339.1154706293706 339.18213729603724 -0.8892268716496847 -0.8225602049830181 0.004443948317128741
1895.0 3309.0 339.1154706293706 339.18213729603724 -0.8225602049830181 -0.7558935383163514 0.0044440225563974565
1896.0 3260.0 339.1154706293706 339.18213729603724 -0.7558935383163514 -0.6892268716496848 0.004444090779103791
1897.0 3533.0 339.1154706293706 339.18213729603724 -0.6892268716496848 -0.6225602049830181 0.004444152985155406
1898.0 3556.0 339.1154706293706 339.18213729603724 -0.6225602049830181 -0.5558935383163515 0.004444209174468087
1899.0 3171.0 339.1154706293706 339.18213729603724 -0.5558935383163515 -0.4892268716496848 0.004444259346965742
1900.0 3769.0 339.1154706293706 339.18213729603724 -0.4892268716496848 -0.42256020498301816 0.004444303502580449
1901.0 3817.0 339.1154706293706 339.18213729603724 -0.42256020498301816 -0.3558935383163515 0.004444341641252433
1902.0 4000.0 339.1154706293706 339.18213729603724 -0.3558935383163515 -0.28922687164968486 0.00444437376293006
1903.0 3314.0 339.1154706293706 339.18213729603724 -0.28922687164968486 -0.2225602049830182 0.004444399867569846
1904.0 2483.0 339.1154706293706 339.18213729603724 -0.2225602049830182 -0.15589353831635155 0.004444419955136438
1905.0 3870.0 339.1154706293706 339.18213729603724 -0.15589353831635155 -0.0892268716496849 0.004444434025602642
1906.0 5677.0 339.1154706293706 339.18213729603724 -0.0892268716496849 -0.02256020498301825 0.00444444207894942
1907.0 6476.0 339.1154706293706 339.18213729603724 -0.02256020498301825 0.0441064616836484 0.004444444115165857
1908.0 7004.0 339.1154706293706 339.18213729603724 0.0441064616836484 0.11077312835031505 0.004444440134249203
1909.0 7413.0 339.1154706293706 339.18213729603724 0.11077312835031505 0.1774397950169817 0.004444430136204842
1910.0 7557.0 339.1154706293706 339.18213729603724 0.1774397950169817 0.24410646168364836 0.004444414121046317
1911.0 6396.0 339.1154706293706 339.18213729603724 0.24410646168364836 0.310773128350315 0.004444392088795302
1912.0 5262.0 339.1154706293706 339.18213729603724 0.310773128350315 0.37743979501698166 0.004444364039481639
1913.0 4702.0 339.1154706293706 339.18213729603724 0.37743979501698166 0.4441064616836483 0.004444329973143282
1914.0 4637.0 339.1154706293706 339.18213729603724 0.4441064616836483 0.510773128350315 0.00444428988982637
1915.0 3762.0 339.1154706293706 339.18213729603724 0.510773128350315 0.5774397950169816 0.004444243789585153
1916.0 4596.0 339.1154706293706 339.18213729603724 0.5774397950169816 0.6441064616836483 0.0044441916724820675
1917.0 4857.0 339.1154706293706 339.18213729603724 0.6441064616836483 0.7107731283503149 0.00444413353858767
1918.0 3652.0 339.1154706293706 339.18213729603724 0.7107731283503149 0.7774397950169816 0.004444069387980625
1919.0 3603.0 339.1154706293706 339.18213729603724 0.7774397950169816 0.8441064616836482 0.0044439992207478286
1920.0 4598.0 339.1154706293706 339.18213729603724 0.8441064616836482 0.9107731283503151 0.004443923036984274
1921.0 4353.0 339.1154706293706 339.18213729603724 0.9107731283503151 0.9774397950169815 0.004443840836793055
1922.0 4473.0 339.1154706293706 339.18213729603724 0.9774397950169815 1.044106461683648 0.004443752620285514
1923.0 4133.0 339.1154706293706 339.18213729603724 1.044106461683648 1.1107731283503148 0.00444365838758108
1924.0 1282.0 339.1154706293706 339.18213729603724 1.1107731283503148 1.1774397950169817 0.004443558138807332
1925.0 2785.0 339.18213729603724 339.2488039627039 -1.1558935383163513 -1.0892268716496847 0.004443591196562644
1926.0 3087.0 339.18213729603724 339.2488039627039 -1.0892268716496847 -1.022560204983018 0.004443689500994244
1927.0 2863.0 339.18213729603724 339.2488039627039 -1.022560204983018 -0.9558935383163514 0.004443781789314415
1928.0 2551.0 339.18213729603724 339.2488039627039 -0.9558935383163514 -0.8892268716496847 0.004443868061398161
1929.0 2771.0 339.18213729603724 339.2488039627039 -0.8892268716496847 -0.8225602049830181 0.004443948317128741
1930.0 3056.0 339.18213729603724 339.2488039627039 -0.8225602049830181 -0.7558935383163514 0.0044440225563974565
1931.0 3884.0 339.18213729603724 339.2488039627039 -0.7558935383163514 -0.6892268716496848 0.004444090779103791
1932.0 3279.0 339.18213729603724 339.2488039627039 -0.6892268716496848 -0.6225602049830181 0.004444152985155406
1933.0 3811.0 339.18213729603724 339.2488039627039 -0.6225602049830181 -0.5558935383163515 0.004444209174468087
1934.0 3548.0 339.18213729603724 339.2488039627039 -0.5558935383163515 -0.4892268716496848 0.004444259346965742
1935.0 3072.0 339.18213729603724 339.2488039627039 -0.4892268716496848 -0.42256020498301816 0.004444303502580449
1936.0 2588.0 339.18213729603724 339.2488039627039 -0.42256020498301816 -0.3558935383163515 0.004444341641252433
1937.0 3813.0 339.18213729603724 339.2488039627039 -0.3558935383163515 -0.28922687164968486 0.00444437376293006
1938.0 3518.0 339.18213729603724 339.2488039627039 -0.28922687164968486 -0.2225602049830182 0.004444399867569846
1939.0 3127.0 339.18213729603724 339.2488039627039 -0.2225602049830182 -0.15589353831635155 0.004444419955136438
1940.0 4595.0 339.18213729603724 339.2488039627039 -0.15589353831635155 -0.0892268716496849 0.004444434025602642
1941.0 6437.0 339.18213729603724 339.2488039627039 -0.0892268716496849 -0.02256020498301825 0.00444444207894942
1942.0 6526.0 339.18213729603724 339.2488039627039 -0.02256020498301825 0.0441064616836484 0.004444444115165857
1943.0 6936.0 339.18213729603724 339.2488039627039 0.0441064616836484 0.11077312835031505 0.004444440134249203
1944.0 7732.0 339.18213729603724 339.2488039627039 0.11077312835031505 0.1774397950169817 0.004444430136204842
1945.0 7320.0 339.18213729603724 339.2488039627039 0.1774397950169817 0.24410646168364836 0.004444414121046317
1946.0 6499.0 339.18213729603724 339.2488039627039 0.24410646168364836 0.310773128350315 0.004444392088795302
1947.0 5754.0 339.18213729603724 339.2488039627039 0.310773128350315 0.37743979501698166 0.004444364039481639
1948.0 4345.0 339.18213729603724 339.2488039627039 0.37743979501698166 0.4441064616836483 0.004444329973143282
1949.0 5199.0 339.18213729603724 339.2488039627039 0.4441064616836483 0.510773128350315 0.00444428988982637
1950.0 4295.0 339.18213729603724 339.2488039627039 0.510773128350315 0.5774397950169816 0.004444243789585153
1951.0 4789.0 339.18213729603724 339.2488039627039 0.5774397950169816 0.6441064616836483 0.0044441916724820675
1952.0 5270.0 339.18213729603724 339.2488039627039 0.6441064616836483 0.7107731283503149 0.00444413353858767
1953.0 4622.0 339.18213729603724 339.2488039627039 0.7107731283503149 0.7774397950169816 0.004444069387980625
1954.0 4147.0 339.18213729603724 339.2488039627039 0.7774397950169816 0.8441064616836482 0.0044439992207478286
1955.0 4311.0 339.18213729603724 339.2488039627039 0.8441064616836482 0.9107731283503151 0.004443923036984274
1956.0 4560.0 339.18213729603724 339.2488039627039 0.9107731283503151 0.9774397950169815 0.004443840836793055
1957.0 4609.0 339.18213729603724 339.2488039627039 0.9774397950169815 1.044106461683648 0.004443752620285514
1958.0 3879.0 339.18213729603724 339.2488039627039 1.044106461683648 1.1107731283503148 0.00444365838758108
1959.0 1144.0 339.18213729603724 339.2488039627039 1.1107731283503148 1.1774397950169817 0.004443558138807332
1960.0 2686.0 339.2488039627039 339.31547062937057 -1.1558935383163513 -1.0892268716496847 0.004443591196562644
1961.0 3281.0 339.2488039627039 339.31547062937057 -1.0892268716496847 -1.022560204983018 0.004443689500994244
1962.0 3222.0 339.2488039627039 339.31547062937057 -1.022560204983018 -0.9558935383163514 0.004443781789314415
1963.0 3099.0 339.2488039627039 339.31547062937057 -0.9558935383163514 -0.8892268716496847 0.004443868061398161
1964.0 2786.0 339.2488039627039 339.31547062937057 -0.8892268716496847 -0.8225602049830181 0.004443948317128741
1965.0 2873.0 339.2488039627039 339.31547062937057 -0.8225602049830181 -0.7558935383163514 0.0044440225563974565
1966.0 3242.0 339.2488039627039 339.31547062937057 -0.7558935383163514 -0.6892268716496848 0.004444090779103791
1967.0 4255.0 339.2488039627039 339.31547062937057 -0.6892268716496848 -0.6225602049830181 0.004444152985155406
1968.0 3758.0 339.2488039627039 339.31547062937057 -0.6225602049830181 -0.5558935383163515 0.004444209174468087
1969.0 3228.0 339.2488039627039 339.31547062937057 -0.5558935383163515 -0.4892268716496848 0.004444259346965742
1970.0 1996.0 339.2488039627039 339.31547062937057 -0.4892268716496848 -0.42256020498301816 0.004444303502580449
1971.0 1512.0 339.2488039627039 339.31547062937057 -0.42256020498301816 -0.3558935383163515 0.004444341641252433
1972.0 3483.0 339.2488039627039 339.31547062937057 -0.3558935383163515 -0.28922687164968486 0.00444437376293006
1973.0 3383.0 339.2488039627039 339.31547062937057 -0.28922687164968486 -0.2225602049830182 0.004444399867569846
1974.0 3403.0 339.2488039627039 339.31547062937057 -0.2225602049830182 -0.15589353831635155 0.004444419955136438
1975.0 4851.0 339.2488039627039 339.31547062937057 -0.15589353831635155 -0.0892268716496849 0.004444434025602642
1976.0 5772.0 339.2488039627039 339.31547062937057 -0.0892268716496849 -0.02256020498301825 0.00444444207894942
1977.0 6351.0 339.2488039627039 339.31547062937057 -0.02256020498301825 0.0441064616836484 0.004444444115165857
1978.0 7305.0 339.2488039627039 339.31547062937057 0.0441064616836484 0.11077312835031505 0.004444440134249203
1979.0 6532.0 339.2488039627039 339.31547062937057 0.11077312835031505 0.1774397950169817 0.004444430136204842
1980.0 6444.0 339.2488039627039 339.31547062937057 0.1774397950169817 0.24410646168364836 0.004444414121046317
1981.0 6240.0 339.2488039627039 339.31547062937057 0.24410646168364836 0.310773128350315 0.004444392088795302
1982.0 5878.0 339.2488039627039 339.31547062937057 0.310773128350315 0.37743979501698166 0.004444364039481639
1983.0 5306.0 339.2488039627039 339.31547062937057 0.37743979501698166 0.4441064616836483 0.004444329973143282
1984.0 5911.0 339.2488039627039 339.31547062937057 0.4441064616836483 0.510773128350315 0.00444428988982637
1985.0 4628.0 339.2488039627039 339.31547062937057 0.510773128350315 0.5774397950169816 0.004444243789585153
1986.0 4325.0 339.2488039627039 339.31547062937057 0.5774397950169816 0.6441064616836483 0.0044441916724820675
1987.0 4866.0 339.2488039627039 339.31547062937057 0.6441064616836483 0.7107731283503149 0.00444413353858767
1988.0 4537.0 339.2488039627039 339.31547062937057 0.7107731283503149 0.7774397950169816 0.004444069387980625
1989.0 4344.0 339.2488039627039 339.31547062937057 0.7774397950169816 0.8441064616836482 0.0044439992207478286
1990.0 4558.0 339.2488039627039 339.31547062937057 0.8441064616836482 0.9107731283503151 0.004443923036984274
1991.0 4502.0 339.2488039627039 339.31547062937057 0.9107731283503151 0.9774397950169815 0.004443840836793055
1992.0 4555.0 339.2488039627039 339.31547062937057 0.9774397950169815 1.044106461683648 0.004443752620285514
1993.0 3586.0 339.2488039627039 339.31547062937057 1.044106461683648 1.1107731283503148 0.00444365838758108
1994.0 1173.0 339.2488039627039 339.31547062937057 1.1107731283503148 1.1774397950169817 0.004443558138807332
1995.0 2875.0 339.31547062937057 339.38213729603723 -1.1558935383163513 -1.0892268716496847 0.004443591196562644
1996.0 3162.0 339.31547062937057 339.38213729603723 -1.0892268716496847 -1.022560204983018 0.004443689500994244
1997.0 3339.0 339.31547062937057 339.38213729603723 -1.022560204983018 -0.9558935383163514 0.004443781789314415
1998.0 2919.0 339.31547062937057 339.38213729603723 -0.9558935383163514 -0.8892268716496847 0.004443868061398161
1999.0 2838.0 339.31547062937057 339.38213729603723 -0.8892268716496847 -0.8225602049830181 0.004443948317128741
2000.0 3372.0 339.31547062937057 339.38213729603723 -0.8225602049830181 -0.7558935383163514 0.0044440225563974565
2001.0 3276.0 339.31547062937057 339.38213729603723 -0.7558935383163514 -0.6892268716496848 0.004444090779103791
2002.0 3131.0 339.31547062937057 339.38213729603723 -0.6892268716496848 -0.6225602049830181 0.004444152985155406
2003.0 3339.0 339.31547062937057 339.38213729603723 -0.6225602049830181 -0.5558935383163515 0.004444209174468087
2004.0 3182.0 339.31547062937057 339.38213729603723 -0.5558935383163515 -0.4892268716496848 0.004444259346965742
2005.0 2050.0 339.31547062937057 339.38213729603723 -0.4892268716496848 -0.42256020498301816 0.004444303502580449
2006.0 1942.0 339.31547062937057 339.38213729603723 -0.42256020498301816 -0.3558935383163515 0.004444341641252433
2007.0 3278.0 339.31547062937057 339.38213729603723 -0.3558935383163515 -0.28922687164968486 0.00444437376293006
2008.0 3635.0 339.31547062937057 339.38213729603723 -0.28922687164968486 -0.2225602049830182 0.004444399867569846
2009.0 3338.0 339.31547062937057 339.38213729603723 -0.2225602049830182 -0.15589353831635155 0.004444419955136438
2010.0 4311.0 339.31547062937057 339.38213729603723 -0.15589353831635155 -0.0892268716496849 0.004444434025602642
2011.0 5701.0 339.31547062937057 339.38213729603723 -0.0892268716496849 -0.02256020498301825 0.00444444207894942
2012.0 6604.0 339.31547062937057 339.38213729603723 -0.02256020498301825 0.0441064616836484 0.004444444115165857
2013.0 6622.0 339.31547062937057 339.38213729603723 0.0441064616836484 0.11077312835031505 0.004444440134249203
2014.0 6950.0 339.31547062937057 339.38213729603723 0.11077312835031505 0.1774397950169817 0.004444430136204842
2015.0 6280.0 339.31547062937057 339.38213729603723 0.1774397950169817 0.24410646168364836 0.004444414121046317
2016.0 6034.0 339.31547062937057 339.38213729603723 0.24410646168364836 0.310773128350315 0.004444392088795302
2017.0 6258.0 339.31547062937057 339.38213729603723 0.310773128350315 0.37743979501698166 0.004444364039481639
2018.0 6137.0 339.31547062937057 339.38213729603723 0.37743979501698166 0.4441064616836483 0.004444329973143282
2019.0 5850.0 339.31547062937057 339.38213729603723 0.4441064616836483 0.510773128350315 0.00444428988982637
2020.0 3897.0 339.31547062937057 339.38213729603723 0.510773128350315 0.5774397950169816 0.004444243789585153
2021.0 3697.0 339.31547062937057 339.38213729603723 0.5774397950169816 0.6441064616836483 0.0044441916724820675
2022.0 4051.0 339.31547062937057 339.38213729603723 0.6441064616836483 0.7107731283503149 0.00444413353858767
2023.0 3711.0 339.31547062937057 339.38213729603723 0.7107731283503149 0.7774397950169816 0.004444069387980625
2024.0 4339.0 339.31547062937057 339.38213729603723 0.7774397950169816 0.8441064616836482 0.0044439992207478286
2025.0 4497.0 339.31547062937057 339.38213729603723 0.8441064616836482 0.9107731283503151 0.004443923036984274
2026.0 4364.0 339.31547062937057 339.38213729603723 0.9107731283503151 0.9774397950169815 0.004443840836793055
2027.0 4671.0 339.31547062937057 339.38213729603723 0.9774397950169815 1.044106461683648 0.004443752620285514
2028.0 3989.0 339.31547062937057 339.38213729603723 1.044106461683648 1.1107731283503148 0.00444365838758108
2029.0 1308.0 339.31547062937057 339.38213729603723 1.1107731283503148 1.1774397950169817 0.004443558138807332
2030.0 2475.0 339.38213729603723 339.4488039627039 -1.1558935383163513 -1.0892268716496847 0.004443591196562644
