apolo/data/files/log_tiling_bf2.ecsv
# %ECSV 0.9
# ---
# datatype:
# - {name: tile, datatype: float64}
# - {name: n, datatype: float64}
# - {name: l_min, datatype: float64}
# - {name: l_max, datatype: float64}
# - {name: b_min, datatype: float64}
# - {name: b_max, datatype: float64}
# - {name: area, datatype: float64}
# schema: astropy-2.0
tile n l_min l_max b_min b_max area
[from data line 1599]
1599.0 6538.0 338.5154706293706 338.5821372960373 0.4441064616836483 0.510773128350315 0.00444428988982637
1600.0 5439.0 338.5154706293706 338.5821372960373 0.510773128350315 0.5774397950169816 0.004444243789585153
1601.0 4967.0 338.5154706293706 338.5821372960373 0.5774397950169816 0.6441064616836483 0.0044441916724820675
1602.0 5599.0 338.5154706293706 338.5821372960373 0.6441064616836483 0.7107731283503149 0.00444413353858767
1603.0 5575.0 338.5154706293706 338.5821372960373 0.7107731283503149 0.7774397950169816 0.004444069387980625
1604.0 5134.0 338.5154706293706 338.5821372960373 0.7774397950169816 0.8441064616836482 0.0044439992207478286
1605.0 4870.0 338.5154706293706 338.5821372960373 0.8441064616836482 0.9107731283503151 0.004443923036984274
1606.0 4571.0 338.5154706293706 338.5821372960373 0.9107731283503151 0.9774397950169815 0.004443840836793055
1607.0 4449.0 338.5154706293706 338.5821372960373 0.9774397950169815 1.044106461683648 0.004443752620285514
1608.0 3623.0 338.5154706293706 338.5821372960373 1.044106461683648 1.1107731283503148 0.00444365838758108
1609.0 1169.0 338.5154706293706 338.5821372960373 1.1107731283503148 1.1774397950169817 0.004443558138807332
1610.0 2824.0 338.5821372960373 338.64880396270394 -1.1558935383163513 -1.0892268716496847 0.004443591196562644
1611.0 2682.0 338.5821372960373 338.64880396270394 -1.0892268716496847 -1.022560204983018 0.004443689500994244
1612.0 2692.0 338.5821372960373 338.64880396270394 -1.022560204983018 -0.9558935383163514 0.004443781789314415
1613.0 4400.0 338.5821372960373 338.64880396270394 -0.9558935383163514 -0.8892268716496847 0.004443868061398161
1614.0 4533.0 338.5821372960373 338.64880396270394 -0.8892268716496847 -0.8225602049830181 0.004443948317128741
1615.0 4595.0 338.5821372960373 338.64880396270394 -0.8225602049830181 -0.7558935383163514 0.0044440225563974565
1616.0 4288.0 338.5821372960373 338.64880396270394 -0.7558935383163514 -0.6892268716496848 0.004444090779103791
1617.0 4108.0 338.5821372960373 338.64880396270394 -0.6892268716496848 -0.6225602049830181 0.004444152985155406
1618.0 3861.0 338.5821372960373 338.64880396270394 -0.6225602049830181 -0.5558935383163515 0.004444209174468087
1619.0 3681.0 338.5821372960373 338.64880396270394 -0.5558935383163515 -0.4892268716496848 0.004444259346965742
1620.0 2552.0 338.5821372960373 338.64880396270394 -0.4892268716496848 -0.42256020498301816 0.004444303502580449
1621.0 3947.0 338.5821372960373 338.64880396270394 -0.42256020498301816 -0.3558935383163515 0.004444341641252433
1622.0 4102.0 338.5821372960373 338.64880396270394 -0.3558935383163515 -0.28922687164968486 0.00444437376293006
1623.0 4190.0 338.5821372960373 338.64880396270394 -0.28922687164968486 -0.2225602049830182 0.004444399867569846
1624.0 3539.0 338.5821372960373 338.64880396270394 -0.2225602049830182 -0.15589353831635155 0.004444419955136438
1625.0 3950.0 338.5821372960373 338.64880396270394 -0.15589353831635155 -0.0892268716496849 0.004444434025602642
1626.0 5045.0 338.5821372960373 338.64880396270394 -0.0892268716496849 -0.02256020498301825 0.00444444207894942
1627.0 5138.0 338.5821372960373 338.64880396270394 -0.02256020498301825 0.0441064616836484 0.004444444115165857
1628.0 5655.0 338.5821372960373 338.64880396270394 0.0441064616836484 0.11077312835031505 0.004444440134249203
1629.0 4369.0 338.5821372960373 338.64880396270394 0.11077312835031505 0.1774397950169817 0.004444430136204842
1630.0 5743.0 338.5821372960373 338.64880396270394 0.1774397950169817 0.24410646168364836 0.004444414121046317
1631.0 6815.0 338.5821372960373 338.64880396270394 0.24410646168364836 0.310773128350315 0.004444392088795302
1632.0 6626.0 338.5821372960373 338.64880396270394 0.310773128350315 0.37743979501698166 0.004444364039481639
1633.0 6980.0 338.5821372960373 338.64880396270394 0.37743979501698166 0.4441064616836483 0.004444329973143282
1634.0 6386.0 338.5821372960373 338.64880396270394 0.4441064616836483 0.510773128350315 0.00444428988982637
1635.0 4868.0 338.5821372960373 338.64880396270394 0.510773128350315 0.5774397950169816 0.004444243789585153
1636.0 4779.0 338.5821372960373 338.64880396270394 0.5774397950169816 0.6441064616836483 0.0044441916724820675
1637.0 5830.0 338.5821372960373 338.64880396270394 0.6441064616836483 0.7107731283503149 0.00444413353858767
1638.0 5650.0 338.5821372960373 338.64880396270394 0.7107731283503149 0.7774397950169816 0.004444069387980625
1639.0 5245.0 338.5821372960373 338.64880396270394 0.7774397950169816 0.8441064616836482 0.0044439992207478286
1640.0 4827.0 338.5821372960373 338.64880396270394 0.8441064616836482 0.9107731283503151 0.004443923036984274
1641.0 4735.0 338.5821372960373 338.64880396270394 0.9107731283503151 0.9774397950169815 0.004443840836793055
1642.0 4686.0 338.5821372960373 338.64880396270394 0.9774397950169815 1.044106461683648 0.004443752620285514
1643.0 4335.0 338.5821372960373 338.64880396270394 1.044106461683648 1.1107731283503148 0.00444365838758108
1644.0 1274.0 338.5821372960373 338.64880396270394 1.1107731283503148 1.1774397950169817 0.004443558138807332
1645.0 2476.0 338.64880396270394 338.7154706293706 -1.1558935383163513 -1.0892268716496847 0.004443591196562644
1646.0 2570.0 338.64880396270394 338.7154706293706 -1.0892268716496847 -1.022560204983018 0.004443689500994244
1647.0 2152.0 338.64880396270394 338.7154706293706 -1.022560204983018 -0.9558935383163514 0.004443781789314415
1648.0 3922.0 338.64880396270394 338.7154706293706 -0.9558935383163514 -0.8892268716496847 0.004443868061398161
1649.0 4480.0 338.64880396270394 338.7154706293706 -0.8892268716496847 -0.8225602049830181 0.004443948317128741
1650.0 4599.0 338.64880396270394 338.7154706293706 -0.8225602049830181 -0.7558935383163514 0.0044440225563974565
1651.0 4237.0 338.64880396270394 338.7154706293706 -0.7558935383163514 -0.6892268716496848 0.004444090779103791
1652.0 3741.0 338.64880396270394 338.7154706293706 -0.6892268716496848 -0.6225602049830181 0.004444152985155406
1653.0 3939.0 338.64880396270394 338.7154706293706 -0.6225602049830181 -0.5558935383163515 0.004444209174468087
1654.0 3547.0 338.64880396270394 338.7154706293706 -0.5558935383163515 -0.4892268716496848 0.004444259346965742
1655.0 2699.0 338.64880396270394 338.7154706293706 -0.4892268716496848 -0.42256020498301816 0.004444303502580449
1656.0 3620.0 338.64880396270394 338.7154706293706 -0.42256020498301816 -0.3558935383163515 0.004444341641252433
1657.0 3449.0 338.64880396270394 338.7154706293706 -0.3558935383163515 -0.28922687164968486 0.00444437376293006
1658.0 3799.0 338.64880396270394 338.7154706293706 -0.28922687164968486 -0.2225602049830182 0.004444399867569846
1659.0 3731.0 338.64880396270394 338.7154706293706 -0.2225602049830182 -0.15589353831635155 0.004444419955136438
1660.0 4225.0 338.64880396270394 338.7154706293706 -0.15589353831635155 -0.0892268716496849 0.004444434025602642
1661.0 5067.0 338.64880396270394 338.7154706293706 -0.0892268716496849 -0.02256020498301825 0.00444444207894942
1662.0 5267.0 338.64880396270394 338.7154706293706 -0.02256020498301825 0.0441064616836484 0.004444444115165857
1663.0 5363.0 338.64880396270394 338.7154706293706 0.0441064616836484 0.11077312835031505 0.004444440134249203
1664.0 4346.0 338.64880396270394 338.7154706293706 0.11077312835031505 0.1774397950169817 0.004444430136204842
1665.0 5003.0 338.64880396270394 338.7154706293706 0.1774397950169817 0.24410646168364836 0.004444414121046317
1666.0 5970.0 338.64880396270394 338.7154706293706 0.24410646168364836 0.310773128350315 0.004444392088795302
1667.0 4950.0 338.64880396270394 338.7154706293706 0.310773128350315 0.37743979501698166 0.004444364039481639
1668.0 5652.0 338.64880396270394 338.7154706293706 0.37743979501698166 0.4441064616836483 0.004444329973143282
1669.0 5046.0 338.64880396270394 338.7154706293706 0.4441064616836483 0.510773128350315 0.00444428988982637
1670.0 3737.0 338.64880396270394 338.7154706293706 0.510773128350315 0.5774397950169816 0.004444243789585153
1671.0 4812.0 338.64880396270394 338.7154706293706 0.5774397950169816 0.6441064616836483 0.0044441916724820675
1672.0 5741.0 338.64880396270394 338.7154706293706 0.6441064616836483 0.7107731283503149 0.00444413353858767
1673.0 5186.0 338.64880396270394 338.7154706293706 0.7107731283503149 0.7774397950169816 0.004444069387980625
1674.0 4339.0 338.64880396270394 338.7154706293706 0.7774397950169816 0.8441064616836482 0.0044439992207478286
1675.0 4477.0 338.64880396270394 338.7154706293706 0.8441064616836482 0.9107731283503151 0.004443923036984274
1676.0 4610.0 338.64880396270394 338.7154706293706 0.9107731283503151 0.9774397950169815 0.004443840836793055
1677.0 4793.0 338.64880396270394 338.7154706293706 0.9774397950169815 1.044106461683648 0.004443752620285514
1678.0 4071.0 338.64880396270394 338.7154706293706 1.044106461683648 1.1107731283503148 0.00444365838758108
1679.0 1159.0 338.64880396270394 338.7154706293706 1.1107731283503148 1.1774397950169817 0.004443558138807332
1680.0 2701.0 338.7154706293706 338.78213729603726 -1.1558935383163513 -1.0892268716496847 0.004443591196562644
1681.0 2893.0 338.7154706293706 338.78213729603726 -1.0892268716496847 -1.022560204983018 0.004443689500994244
1682.0 3057.0 338.7154706293706 338.78213729603726 -1.022560204983018 -0.9558935383163514 0.004443781789314415
1683.0 3754.0 338.7154706293706 338.78213729603726 -0.9558935383163514 -0.8892268716496847 0.004443868061398161
1684.0 4561.0 338.7154706293706 338.78213729603726 -0.8892268716496847 -0.8225602049830181 0.004443948317128741
1685.0 4901.0 338.7154706293706 338.78213729603726 -0.8225602049830181 -0.7558935383163514 0.0044440225563974565
1686.0 4474.0 338.7154706293706 338.78213729603726 -0.7558935383163514 -0.6892268716496848 0.004444090779103791
1687.0 3151.0 338.7154706293706 338.78213729603726 -0.6892268716496848 -0.6225602049830181 0.004444152985155406
1688.0 3216.0 338.7154706293706 338.78213729603726 -0.6225602049830181 -0.5558935383163515 0.004444209174468087
1689.0 3264.0 338.7154706293706 338.78213729603726 -0.5558935383163515 -0.4892268716496848 0.004444259346965742
1690.0 2480.0 338.7154706293706 338.78213729603726 -0.4892268716496848 -0.42256020498301816 0.004444303502580449
1691.0 4077.0 338.7154706293706 338.78213729603726 -0.42256020498301816 -0.3558935383163515 0.004444341641252433
1692.0 3438.0 338.7154706293706 338.78213729603726 -0.3558935383163515 -0.28922687164968486 0.00444437376293006
1693.0 4756.0 338.7154706293706 338.78213729603726 -0.28922687164968486 -0.2225602049830182 0.004444399867569846
1694.0 3520.0 338.7154706293706 338.78213729603726 -0.2225602049830182 -0.15589353831635155 0.004444419955136438
1695.0 4082.0 338.7154706293706 338.78213729603726 -0.15589353831635155 -0.0892268716496849 0.004444434025602642
1696.0 5058.0 338.7154706293706 338.78213729603726 -0.0892268716496849 -0.02256020498301825 0.00444444207894942
1697.0 5799.0 338.7154706293706 338.78213729603726 -0.02256020498301825 0.0441064616836484 0.004444444115165857
1698.0 5735.0 338.7154706293706 338.78213729603726 0.0441064616836484 0.11077312835031505 0.004444440134249203
1699.0 5520.0 338.7154706293706 338.78213729603726 0.11077312835031505 0.1774397950169817 0.004444430136204842
1700.0 5575.0 338.7154706293706 338.78213729603726 0.1774397950169817 0.24410646168364836 0.004444414121046317
1701.0 6013.0 338.7154706293706 338.78213729603726 0.24410646168364836 0.310773128350315 0.004444392088795302
1702.0 4578.0 338.7154706293706 338.78213729603726 0.310773128350315 0.37743979501698166 0.004444364039481639
1703.0 3827.0 338.7154706293706 338.78213729603726 0.37743979501698166 0.4441064616836483 0.004444329973143282
1704.0 2862.0 338.7154706293706 338.78213729603726 0.4441064616836483 0.510773128350315 0.00444428988982637
1705.0 3333.0 338.7154706293706 338.78213729603726 0.510773128350315 0.5774397950169816 0.004444243789585153
1706.0 4532.0 338.7154706293706 338.78213729603726 0.5774397950169816 0.6441064616836483 0.0044441916724820675
1707.0 5647.0 338.7154706293706 338.78213729603726 0.6441064616836483 0.7107731283503149 0.00444413353858767
1708.0 5123.0 338.7154706293706 338.78213729603726 0.7107731283503149 0.7774397950169816 0.004444069387980625
1709.0 5075.0 338.7154706293706 338.78213729603726 0.7774397950169816 0.8441064616836482 0.0044439992207478286
1710.0 4783.0 338.7154706293706 338.78213729603726 0.8441064616836482 0.9107731283503151 0.004443923036984274
1711.0 4942.0 338.7154706293706 338.78213729603726 0.9107731283503151 0.9774397950169815 0.004443840836793055
1712.0 4857.0 338.7154706293706 338.78213729603726 0.9774397950169815 1.044106461683648 0.004443752620285514
1713.0 3931.0 338.7154706293706 338.78213729603726 1.044106461683648 1.1107731283503148 0.00444365838758108
1714.0 1228.0 338.7154706293706 338.78213729603726 1.1107731283503148 1.1774397950169817 0.004443558138807332
1715.0 3156.0 338.78213729603726 338.8488039627039 -1.1558935383163513 -1.0892268716496847 0.004443591196562644
1716.0 2860.0 338.78213729603726 338.8488039627039 -1.0892268716496847 -1.022560204983018 0.004443689500994244
1717.0 3724.0 338.78213729603726 338.8488039627039 -1.022560204983018 -0.9558935383163514 0.004443781789314415
1718.0 3972.0 338.78213729603726 338.8488039627039 -0.9558935383163514 -0.8892268716496847 0.004443868061398161
1719.0 4458.0 338.78213729603726 338.8488039627039 -0.8892268716496847 -0.8225602049830181 0.004443948317128741
1720.0 4798.0 338.78213729603726 338.8488039627039 -0.8225602049830181 -0.7558935383163514 0.0044440225563974565
1721.0 4092.0 338.78213729603726 338.8488039627039 -0.7558935383163514 -0.6892268716496848 0.004444090779103791
1722.0 2854.0 338.78213729603726 338.8488039627039 -0.6892268716496848 -0.6225602049830181 0.004444152985155406
1723.0 2445.0 338.78213729603726 338.8488039627039 -0.6225602049830181 -0.5558935383163515 0.004444209174468087
1724.0 3246.0 338.78213729603726 338.8488039627039 -0.5558935383163515 -0.4892268716496848 0.004444259346965742
1725.0 2243.0 338.78213729603726 338.8488039627039 -0.4892268716496848 -0.42256020498301816 0.004444303502580449
1726.0 4570.0 338.78213729603726 338.8488039627039 -0.42256020498301816 -0.3558935383163515 0.004444341641252433
1727.0 4418.0 338.78213729603726 338.8488039627039 -0.3558935383163515 -0.28922687164968486 0.00444437376293006
1728.0 4662.0 338.78213729603726 338.8488039627039 -0.28922687164968486 -0.2225602049830182 0.004444399867569846
1729.0 3913.0 338.78213729603726 338.8488039627039 -0.2225602049830182 -0.15589353831635155 0.004444419955136438
1730.0 4513.0 338.78213729603726 338.8488039627039 -0.15589353831635155 -0.0892268716496849 0.004444434025602642
1731.0 5642.0 338.78213729603726 338.8488039627039 -0.0892268716496849 -0.02256020498301825 0.00444444207894942
1732.0 5960.0 338.78213729603726 338.8488039627039 -0.02256020498301825 0.0441064616836484 0.004444444115165857
1733.0 6006.0 338.78213729603726 338.8488039627039 0.0441064616836484 0.11077312835031505 0.004444440134249203
1734.0 6098.0 338.78213729603726 338.8488039627039 0.11077312835031505 0.1774397950169817 0.004444430136204842
1735.0 6321.0 338.78213729603726 338.8488039627039 0.1774397950169817 0.24410646168364836 0.004444414121046317
1736.0 6164.0 338.78213729603726 338.8488039627039 0.24410646168364836 0.310773128350315 0.004444392088795302
1737.0 5542.0 338.78213729603726 338.8488039627039 0.310773128350315 0.37743979501698166 0.004444364039481639
1738.0 3948.0 338.78213729603726 338.8488039627039 0.37743979501698166 0.4441064616836483 0.004444329973143282
1739.0 3234.0 338.78213729603726 338.8488039627039 0.4441064616836483 0.510773128350315 0.00444428988982637
1740.0 3208.0 338.78213729603726 338.8488039627039 0.510773128350315 0.5774397950169816 0.004444243789585153
1741.0 4134.0 338.78213729603726 338.8488039627039 0.5774397950169816 0.6441064616836483 0.0044441916724820675
