apolo/data/files/log_tiling_4096.ecsv
# %ECSV 0.9
# ---
# datatype:
# - {name: tile, datatype: float64}
# - {name: n, datatype: float64}
# - {name: l_min, datatype: float64}
# - {name: l_max, datatype: float64}
# - {name: b_min, datatype: float64}
# - {name: b_max, datatype: float64}
# - {name: area, datatype: float64}
# schema: astropy-2.0
tile n l_min l_max b_min b_max area
[from data line 2446]
2446.0 3084.0 339.078619447362 339.12369772356976 -0.1024810793331832 -0.045766963012770646 0.002556572356555433
2447.0 3084.0 339.12371562591505 339.1707796935982 -0.10246931708851036 -0.04577909466231584 0.0026680701236453845
2448.0 3083.0 339.17079483812165 339.25208994004055 -0.36028640704613896 -0.31745190297039216 0.003482174389410346
2449.0 3084.0 339.1708128805711 339.2520875624621 -0.31743033424192674 -0.269647738267022 0.003883464209251474
2450.0 3084.0 339.25209172697794 339.2960227886399 -0.3602552593719417 -0.26964414717581514 0.003980581802916756
2451.0 3084.0 339.2960329758499 339.343825999101 -0.36025435572872744 -0.2696561078833142 0.004329898295438709
2452.0 3084.0 339.17086475952766 339.25951083847383 -0.26961326741653796 -0.22562195063590074 0.00389962122670512
2453.0 3084.0 339.17080233010756 339.2595466095614 -0.2256113468459478 -0.17354823655259258 0.004620275019846331
2454.0 3084.0 339.25954710634153 339.34386344645003 -0.26963129315952494 -0.22464675149365212 0.0037928965329855594
2455.0 3084.0 339.2596522869791 339.3438777101167 -0.22464652821274173 -0.17354543231589767 0.004303985297058961
2456.0 3083.0 339.1708104601551 339.2142902722169 -0.17352870315885008 -0.098655970680223 0.003255442921694976
2457.0 3084.0 339.2142943961887 339.25605103601805 -0.17344973606852754 -0.09870196566323489 0.003121206702931839
2458.0 3084.0 339.17079831139904 339.2147450900833 -0.0986402995842456 -0.04575435279703132 0.0023241650712964887
2459.0 3084.0 339.2147464982854 339.2560387095467 -0.09863868483329558 -0.045766602931001495 0.0021832033647652574
2460.0 3084.0 339.25605119761013 339.29808891754794 -0.17354349803769897 -0.10364213125264339 0.0029384853012621747
2461.0 3084.0 339.2980928172314 339.3438697982383 -0.17354452699391806 -0.1036426064045696 0.0031998893311795474
2462.0 3084.0 339.25609263168616 339.2984271599772 -0.1036297978556668 -0.04575663142831219 0.0024500310153642473
2463.0 3084.0 339.2984471554209 339.34387365848124 -0.10362082486207995 -0.045778550247293784 0.002627569920080958
2464.0 3083.0 338.98687355142715 339.03344192592283 -0.04574059430323926 0.005327152575809002 0.002378141734700653
2465.0 3084.0 339.0334468509819 339.07559215099093 -0.04569732398491155 0.005339093222416363 0.0021509449100788986
2466.0 3084.0 338.98687043471386 339.02985565678836 0.0053430964542875185 0.04928110635640563 0.0018886848522921865
2467.0 3084.0 339.02987067796965 339.075598353036 0.005340546338221907 0.0492823861108935 0.0020093578934160766
2468.0 3083.0 339.0756545735102 339.11830941082 -0.04572337885207297 0.005399564105935336 0.002180640607325352
2469.0 3084.0 339.11831768339624 339.16413959131734 -0.04575216891657843 0.00541765285597324 0.0023446986384325643
2470.0 3084.0 339.0756021658788 339.1198854494433 0.00542878353946386 0.049283195277076225 0.0019420170817737437
2471.0 3084.0 339.11988733839456 339.16414402973584 0.005460980489490479 0.0492844034689969 0.001939479435713684
2472.0 3083.0 338.9868642078629 339.02972093947676 0.04930526062525821 0.09195637829370694 0.0018278860718714534
2473.0 3084.0 338.98687994298064 339.0297229892447 0.09198426315780173 0.13423990553901988 0.0018103568725986415
2474.0 3084.0 339.0297361649915 339.07502277214047 0.04929338712212051 0.09230423776064606 0.0019478139632288086
2475.0 3084.0 339.0297255339944 339.075024389013 0.09233173958874748 0.1342292549962004 0.0018979057243380052
2476.0 3084.0 339.0750701154258 339.1190095657556 0.04928677675169144 0.09180247455666356 0.0018681149331029633
2477.0 3084.0 339.075076929126 339.11900781118106 0.09180391035260432 0.13424487904715662 0.0018644655197576246
2478.0 3084.0 339.11901805839096 339.1641327637737 0.049289316865844535 0.09343045899165707 0.0019914130284907406
2479.0 3084.0 339.1190163502734 339.1641426735146 0.09343512146428398 0.13423205865009524 0.0018410121023254699
2480.0 3083.0 339.1641501241263 339.2085070515516 -0.04573645718119887 0.003876310340060458 0.0022006697127231324
2481.0 3084.0 339.2085084075611 339.2537585205331 -0.04574188550324427 0.0038763123831438324 0.0022452288398218854
2482.0 3084.0 339.1641489504666 339.2074805601525 0.00388253294590563 0.04826552341896657 0.0019231861726452739
2483.0 3084.0 339.2074891181388 339.25375688772345 0.0038899923167295407 0.048264211793563605 0.0020530958982967872
2484.0 3084.0 339.2538004269816 339.298721574737 -0.04573874468902208 0.007000340629153468 0.002369100025051677
2485.0 3084.0 339.29872876953993 339.34387733837815 -0.04574895930331027 0.006986166822162301 0.0023809152518082205
2486.0 3084.0 339.253768839221 339.2990870814239 0.00703684483114484 0.04826740640546468 0.0018684963176648843
2487.0 3084.0 339.2990909501049 339.34385923699597 0.007002463555987222 0.04826268418419489 0.001847149139541434
2488.0 3083.0 339.1641627464011 339.20911497476845 0.04828292725313365 0.09315779756494562 0.0020172238300285045
2489.0 3084.0 339.16415170353787 339.2091169233131 0.09318116803675469 0.1342596345843463 0.0018470985985335323
2490.0 3084.0 339.2091436178507 339.2551483104929 0.048275565756258514 0.09116564354828369 0.001973143339301941
2491.0 3084.0 339.20912840913076 339.2551436545328 0.09116874183803335 0.13426423582054794 0.001983045847216683
2492.0 3084.0 339.2551716120813 339.2999003292495 0.04828322639685636 0.08975414340446146 0.0018549395312242195
2493.0 3084.0 339.2551590610489 339.29988341837526 0.08976355977723002 0.13425255263194946 0.0019897377614707824
2494.0 3084.0 339.29991125576186 339.3438432305865 0.048269928262145725 0.09030995482439452 0.001846899996586762
2495.0 3084.0 339.2999046219688 339.34387204424434 0.09031833970831347 0.13426670336417781 0.0019322925047301589
2496.0 3083.0 339.34388067303024 339.4000753266434 -0.3602775605103496 -0.29746052355771335 0.003529923306801537
2497.0 3084.0 339.40010614799826 339.4441301991271 -0.3602842668865309 -0.29745639697223203 0.002765891655535658
2498.0 3084.0 339.34389811162526 339.396874362506 -0.2974539364630345 -0.22728232700380283 0.0037173895798489425
2499.0 3084.0 339.3969203368953 339.4440980818528 -0.2974072906308396 -0.2273009160806695 0.0033074257788648555
2500.0 3083.0 339.4441320392244 339.4851856734949 -0.36028742321443086 -0.2973132653261717 0.0025852753464644515
2501.0 3084.0 339.48518977571575 339.5260601130417 -0.3602453309465022 -0.2972861399750697 0.002573120882529301
2502.0 3084.0 339.4441439907967 339.4863415831697 -0.2972241383824008 -0.22728746592405055 0.0029511280982861023
2503.0 3084.0 339.4863416515731 339.52605107376024 -0.29725031787373385 -0.22736860264107428 0.002774933280357261
2504.0 3083.0 339.34388142799145 339.39054347428714 -0.22728210405174284 -0.14269166889744944 0.003947141870159638
2505.0 3084.0 339.39054991963644 339.43508168727857 -0.22722276885553364 -0.1427161588781554 0.0037632087682984996
2506.0 3084.0 339.3438847131162 339.3892870944203 -0.14268722055596536 -0.07610990072158993 0.003022763181250397
2507.0 3084.0 339.38932693085945 339.4350806371713 -0.14267032931726975 -0.07611729637474095 0.003045042202084931
2508.0 3084.0 339.43509091338706 339.48198787085937 -0.22727338587360457 -0.15052315945574637 0.0035993322735892886
2509.0 3084.0 339.481993211618 339.5260755162467 -0.22724915180881125 -0.15048063166811387 0.0033841146521509397
2510.0 3084.0 339.4350856365622 339.4763648212817 -0.15047969302604502 -0.07611609170970648 0.0030696626181936698
2511.0 3084.0 339.4763705907143 339.52607256834494 -0.15044616269202374 -0.07611129210786709 0.0036945825949983263
2512.0 3083.0 339.5260847496238 339.5690522865932 -0.360269548431614 -0.2983515037739146 0.002660421800165612
2513.0 3084.0 339.56906166434567 339.61374301719957 -0.3602699113693806 -0.2983686275796605 0.002765787282535688
2514.0 3084.0 339.5260765816063 339.5672218700526 -0.2983384689686237 -0.23192916586659998 0.002732400523491945
2515.0 3084.0 339.5672373049051 339.6137263750612 -0.29833538687061234 -0.23194233783527637 0.003086517893868474
2516.0 3084.0 339.61377634339243 339.6603368167802 -0.36025869623144174 -0.29128827041299 0.0032112435738567277
2517.0 3084.0 339.66034066060405 339.72030844092967 -0.36024989549799374 -0.2913244072158495 0.004133241473555445
2518.0 3084.0 339.61374379023306 339.66567793151904 -0.2912882395193319 -0.2319768002571517 0.0030802564146550433
2519.0 3084.0 339.6656849575433 339.72028377971697 -0.29128765475207713 -0.23194749721341262 0.003239868789843646
2520.0 3083.0 339.52612293412386 339.5739277274697 -0.2318947501309377 -0.17444004581228653 0.0027465928841268793
2521.0 3084.0 339.5739882018113 339.62756759528594 -0.23192836048477644 -0.1744585395835476 0.003079178654517639
2522.0 3084.0 339.5261095665432 339.57524883753393 -0.17443948367558115 -0.07610886808308229 0.004831882623757158
2523.0 3084.0 339.57526046702395 339.62754816702244 -0.17440168853776913 -0.07612247508164555 0.005138781118546872
2524.0 3084.0 339.62758560849375 339.677534042277 -0.23192728736650406 -0.1597371921735807 0.003605760889405588
2525.0 3084.0 339.6775361354432 339.720309057526 -0.2319171831244682 -0.15975655747203749 0.003086502585038239
2526.0 3084.0 339.6275869126928 339.68039101319687 -0.15970184664739312 -0.0761199553397477 0.004413456851886619
2527.0 3084.0 339.68040272481267 339.7202717992254 -0.15969780276899234 -0.07612731901645964 0.003331870484487757
2528.0 3083.0 339.3438838169804 339.38639523387786 -0.07609866712582007 -0.020426751653332263 0.0023666910753962237
2529.0 3084.0 339.3864001744745 339.42659499293774 -0.07603860699654924 -0.020423591402793026 0.0022354345758340455
2530.0 3084.0 339.3438900508547 339.3841560352787 -0.020405999389286125 0.03235217976151791 0.002124359933329237
2531.0 3084.0 339.38416414703113 339.42662455999107 -0.02041674561416734 0.032362469580378916 0.002241027181450186
2532.0 3083.0 339.4266250373245 339.47199826536695 -0.07608254208735814 -0.023679046273857165 0.002377714781835897
2533.0 3084.0 339.4720045284065 339.52314465181263 -0.07608769206732022 -0.023677134112871163 0.0026802812923471878
2534.0 3084.0 339.4266413370678 339.47617897562424 -0.02365690289736757 0.032375667288089535 0.0027757210905898807
2535.0 3084.0 339.4761815550111 339.52312917894324 -0.02367450747244357 0.03237956672392721 0.002631605482691589
2536.0 3083.0 339.3438843803458 339.3851280127152 0.03238795610527188 0.0844063544282027 0.0021454265088414787
2537.0 3084.0 339.38515271809933 339.42646831421433 0.03237983677175491 0.0843551225022646 0.002147388725337748
2538.0 3084.0 339.343889473506 339.3836697360567 0.0844328779819049 0.13425101121825464 0.001981774748778079
2539.0 3084.0 339.3836734718294 339.42647364711223 0.08444289376659728 0.1342667797954671 0.002132467104077009
2540.0 3084.0 339.42648397825826 339.4735424775704 0.03238874444656129 0.0829847791768105 0.0023809721813976884
2541.0 3084.0 339.4735628648198 339.5231290743684 0.03238157174676463 0.08299585357901486 0.0025087567462315536
2542.0 3084.0 339.42651420940183 339.4780056114164 0.08300918341545122 0.13425794457153825 0.0026388657322752654
2543.0 3084.0 339.47800620616135 339.523145237709 0.08303773350357484 0.13422364003636406 0.002310478020229244
2544.0 3083.0 339.5231538634649 339.5726058274313 -0.0760728881152285 -0.018961735431413388 0.0028242575764230032
2545.0 3084.0 339.57267623377385 339.6229729655348 -0.07609518560568311 -0.01896835012714828 0.0028732920126828534
2546.0 3084.0 339.523145481979 339.573367449376 -0.018948464492483514 0.03379689063260311 0.002648975389659645
2547.0 3084.0 339.5733769584062 339.6229541587013 -0.018921455427326067 0.03381077599983123 0.0026143162851356267
2548.0 3084.0 339.62297509393204 339.673058200076 -0.07609805412001375 -0.017664316321000323 0.002926541986082778
2549.0 3084.0 339.6730810640136 339.72029406109993 -0.07597053524008907 -0.017641481857210466 0.002753888389579226
2550.0 3084.0 339.6230133210654 339.6698612247278 -0.01762581748899584 0.0338041074102968 0.002409384062147152
2551.0 3084.0 339.6698616634795 339.7202933944494 -0.01757880930231833 0.03382549694661101 0.0025924080304414033
2552.0 3083.0 339.52317540429084 339.57069893961557 0.03386148513538166 0.08494803369610879 0.002427812009806973
2553.0 3084.0 339.5707000554535 339.6215892681482 0.03383974580055142 0.08496012743108397 0.002601474489512208
2554.0 3084.0 339.52314530464184 339.5715953669881 0.0849606678097759 0.13425775320342426 0.0023884424166077133
2555.0 3084.0 339.5715980904501 339.6216023085678 0.08497865925627118 0.1342652919485914 0.002464534944625272
2556.0 3084.0 339.62160595829926 339.6682669130698 0.03383846060345183 0.08473125908188212 0.0023747052186558334
2557.0 3084.0 339.66828519534636 339.7203017872647 0.03383231302997818 0.0847298436219177 0.0026475145743174375
2558.0 3084.0 339.62161826065096 339.6674221686221 0.08475459637325027 0.13423529976999835 0.0022664053757255917
2559.0 3084.0 339.6674236884262 339.7203008147884 0.08474033500884312 0.13426155306658524 0.0026185348412351883
2560.0 3083.0 338.31168001391165 338.34527372632226 0.13429915153567315 0.1978817279343863 0.0021359657017719093
2561.0 3084.0 338.3452746500189 338.38352611477234 0.1342694511001813 0.19786731471497856 0.0024327010950264258
2562.0 3084.0 338.3116831101455 338.3465114813083 0.19788582315113273 0.2615975992570732 0.002218959432901978
2563.0 3084.0 338.3465133776681 338.38352574634297 0.1979281369577158 0.2616076531792792 0.002356910658366222
2564.0 3083.0 338.3835356060275 338.4189824389733 0.13428408095988417 0.19934646150869295 0.002306245435755921
2565.0 3084.0 338.41899265125244 338.46253508372223 0.13428460940221051 0.19935660283265924 0.002833380717684776
2566.0 3084.0 338.3835475557349 338.42249451112326 0.19941384748187543 0.26162357104933714 0.0024228595999140163
2567.0 3084.0 338.4224960655237 338.46253789222203 0.19937102258852918 0.2615702673525497 0.002490551108270734
2568.0 3083.0 338.3116981038376 338.3485656159726 0.2616891801821299 0.3201342889654603 0.0021546978898905546
2569.0 3084.0 338.3485747294536 338.38709563528187 0.26163455452506174 0.32010176504170823 0.0022521807907885335
2570.0 3084.0 338.3116827215686 338.3486882565759 0.32013553479663687 0.3793776075669049 0.0021922436539082244
2571.0 3084.0 338.3486997778193 338.3870771928314 0.3201572609420514 0.3793851732168996 0.002272971714542007
2572.0 3084.0 338.38712870476337 338.42301080396345 0.2616698616921861 0.3191438082828907 0.0020622592762578203
2573.0 3084.0 338.4230299555953 338.4625181973907 0.2616355962188098 0.319095571461301 0.0022689641636817063
2574.0 3084.0 338.38711144321076 338.4248124712241 0.31916350098739216 0.37936801341311055 0.0022697297337080052
2575.0 3084.0 338.42481854391457 338.462539622478 0.31914722309001 0.3793759501989596 0.0022718502326981574
2576.0 3083.0 338.4625762923857 338.5422660025754 0.134280089586517 0.18279114932286333 0.003865817377297294
2577.0 3084.0 338.4625918315887 338.5422724601114 0.18284140132363255 0.2165726979076961 0.00268771454724647
2578.0 3084.0 338.4625455783126 338.503011213247 0.21660473123906132 0.272034924805262 0.002242997497045651
2579.0 3084.0 338.5030762005492 338.5422590770085 0.2165740307741391 0.2720604015577065 0.0021740957608122405
2580.0 3083.0 338.54229640123197 338.61513208638337 0.13429925257731942 0.1762335122957944 0.003054299254916238
2581.0 3084.0 338.5423056216349 338.61512524088846 0.17624802238213363 0.21215303836963348 0.0026145745321478155
2582.0 3084.0 338.5422724653005 338.57956440177264 0.21218057086542222 0.2720316440089419 0.002231942389871292
2583.0 3084.0 338.57958750872405 338.6151217347516 0.2121773257119539 0.272077345987478 0.002128481756818885
2584.0 3083.0 338.46257614377504 338.5016178471138 0.2720950167221057 0.3273365606672219 0.0021566943792957005
2585.0 3084.0 338.5016249577387 338.53996250841874 0.27207943847115473 0.3272998294744472 0.00211698549722731
2586.0 3084.0 338.4625550688192 338.5006278336347 0.3273594048452144 0.3793145594649877 0.0019780387014482516
