apolo/data/files/log_tiling_4096.ecsv
# %ECSV 0.9
# ---
# datatype:
# - {name: tile, datatype: float64}
# - {name: n, datatype: float64}
# - {name: l_min, datatype: float64}
# - {name: l_max, datatype: float64}
# - {name: b_min, datatype: float64}
# - {name: b_max, datatype: float64}
# - {name: area, datatype: float64}
# schema: astropy-2.0
tile n l_min l_max b_min b_max area
[from data line 3166]
3166.0 3084.0 340.02272347116855 340.10278510866857 -0.40762794055833074 -0.36327497056327374 0.0035508909627350333
3167.0 3084.0 340.0227287653435 340.1028055980426 -0.3632386023353146 -0.3153463227721957 0.0038349947039411254
3168.0 3083.0 340.1028140806573 340.15388847622745 -0.6957661773692884 -0.6019066143085058 0.004793512538181926
3169.0 3084.0 340.15390473198386 340.2002055531147 -0.6957468778811068 -0.6019306911154144 0.004343487474969269
3170.0 3084.0 340.10280611056766 340.1520492049043 -0.6018514635160819 -0.5144869733309481 0.0043018932726480285
3171.0 3084.0 340.15207704228084 340.2001953669197 -0.6019061961097641 -0.5144830572172107 0.004206454938430537
3172.0 3083.0 340.20021157465237 340.28418715247807 -0.6957600303383041 -0.6533296728952661 0.003562866773796025
3173.0 3084.0 340.200219079781 340.284152149793 -0.6533212957720678 -0.6053613690328169 0.0040251809400530915
3174.0 3084.0 340.20022737647355 340.28423033065576 -0.6053491780733021 -0.5548371165876207 0.004242944775822005
3175.0 3084.0 340.20025082913816 340.28422702557407 -0.554821635915612 -0.5144829549333599 0.0033873414450394635
3176.0 3083.0 340.28426040087305 340.3301013190663 -0.6957972175153582 -0.6117687064380037 0.003851692991851419
3177.0 3084.0 340.33011831583354 340.3749782841232 -0.6958014178346604 -0.611810478745022 0.003767585220276294
3178.0 3084.0 340.2842437578085 340.37489775199464 -0.6117611987650652 -0.564725546144096 0.004263744935686356
3179.0 3084.0 340.28428113285077 340.37494046009977 -0.5646907719256986 -0.5144754827641118 0.004552282310369274
3180.0 3084.0 340.37498272913325 340.42501693488947 -0.6957682320711075 -0.6140044777201178 0.004090716934863616
3181.0 3084.0 340.425033370234 340.48179137272155 -0.6957775896796629 -0.6139050223113178 0.0046466194877512685
3182.0 3084.0 340.37498164095837 340.420506972794 -0.6138408678480474 -0.514570341400078 0.004519103979128745
3183.0 3084.0 340.42051511746126 340.48175535152194 -0.6139049973999776 -0.514528770209005 0.006085527575233721
3184.0 3083.0 340.102833751553 340.18653650786496 -0.5144176089073871 -0.4689821654314821 0.003802931712022296
3185.0 3084.0 340.1028083514886 340.18652788049974 -0.4689789816668072 -0.42058839364414546 0.004051115047709277
3186.0 3084.0 340.18654117553575 340.27196168317977 -0.5144598790878252 -0.4733803130255926 0.0035089069279339823
3187.0 3084.0 340.1865488340846 340.2719227012334 -0.47337408414989884 -0.42060335734880894 0.004505103761215384
3188.0 3084.0 340.1028114737406 340.1737935801207 -0.42055418389653426 -0.36577593916021456 0.0038881835031085777
3189.0 3084.0 340.10281943432267 340.1737967275868 -0.3657532973508085 -0.3153204368872924 0.0035795245873044626
3190.0 3084.0 340.1737992638294 340.27195320832607 -0.42055868261187135 -0.3638383639287166 0.005567192353366201
3191.0 3084.0 340.17379804468874 340.2719645775307 -0.3638061540322244 -0.3154011982433403 0.004751663072564849
3192.0 3083.0 340.2719657036635 340.31680281948013 -0.5144738388185018 -0.4310596602763743 0.0037399235346265375
3193.0 3084.0 340.3168039184494 340.3724111096862 -0.5144558530530147 -0.43110887545783444 0.0046345331285464145
3194.0 3084.0 340.2719804683394 340.3723073405997 -0.4310272265816136 -0.369333024403487 0.006189435070389322
3195.0 3084.0 340.27197062670626 340.37240490557474 -0.3693308428491255 -0.31536350101842087 0.005420074104632513
3196.0 3084.0 340.372444229996 340.42514204592845 -0.5144380631501916 -0.42124782826476825 0.004910757589513023
3197.0 3084.0 340.4251494065204 340.4817717056432 -0.5144423339643631 -0.42125987637736134 0.005276028507676915
3198.0 3084.0 340.3724125264771 340.43303414723357 -0.421198425245248 -0.31538632253575255 0.006414367733379957
3199.0 3084.0 340.43305138394027 340.48178960527446 -0.4210630437359373 -0.31532509611208687 0.005153372354653594
3200.0 3083.0 339.72031385768963 339.79231143495286 -0.31532016428774584 -0.2625914794112137 0.003796289151167909
3201.0 3084.0 339.7203914479813 339.79236077740165 -0.2625748067614891 -0.2139762269448624 0.0034975768503096283
3202.0 3084.0 339.7923926070387 339.87018647611336 -0.3153094784064491 -0.2615804335915091 0.0041797371578330645
3203.0 3084.0 339.7924200006196 339.87018856586894 -0.2615797847020004 -0.2139688580471115 0.003702601466206943
3204.0 3083.0 339.7203853948599 339.79735791431284 -0.21392584500031117 -0.17054534705321958 0.0033390873482282324
3205.0 3084.0 339.7203870546732 339.7973300300456 -0.17053611587400766 -0.13102756643871702 0.0030398947595053657
3206.0 3084.0 339.7973988332308 339.8701887342694 -0.21395302089354704 -0.17085679142671817 0.0031369525165563807
3207.0 3084.0 339.797418455047 339.87012100983173 -0.1708465883495842 -0.13102664779263828 0.002895001306277121
3208.0 3083.0 339.7203608641948 339.7963362398779 -0.13100183659737646 -0.09157701067589827 0.002995310251188941
3209.0 3084.0 339.720319568861 339.79633817509193 -0.09157140468921528 -0.052836082719998914 0.0029446027937861555
3210.0 3084.0 339.720325071635 339.758363639342 -0.0528276083529533 0.00626950477081234 0.0022479692536567513
3211.0 3084.0 339.7583772665586 339.79638433012127 -0.05282786506670227 0.006333503655688439 0.0022485496165113457
3212.0 3084.0 339.7963871661804 339.8352251217011 -0.13101734569665863 -0.05977947802639021 0.0027667291226798163
3213.0 3084.0 339.8352298206227 339.87016353734543 -0.13101500324023582 -0.05978610406651198 0.0024882865766992536
3214.0 3084.0 339.7963910908731 339.83213685764963 -0.059706173888352185 0.006326293294910112 0.002360380784886803
3215.0 3084.0 339.83214471626366 339.8702054121303 -0.059764088467111565 0.0063089260480089695 0.0025147844974890868
3216.0 3083.0 339.8702118748662 339.9093891246712 -0.3152969092840289 -0.2322830772005865 0.003252216220758158
3217.0 3084.0 339.90940030133106 339.9535570812917 -0.3152042145592463 -0.23228697305923363 0.0036613162795090257
3218.0 3084.0 339.8702187326318 339.95356126507716 -0.23227429536464503 -0.18737993061331548 0.0037415848648767553
3219.0 3084.0 339.8702284296053 339.95354182820853 -0.18737191786805715 -0.14680441808971584 0.0033798018370467804
3220.0 3084.0 339.9535672487248 340.00114842557963 -0.3152872174926888 -0.2406899829478874 0.003549382182205436
3221.0 3084.0 340.00116014132715 340.0537129381812 -0.31526590457560416 -0.24067148852080042 0.003920098782869196
3222.0 3084.0 339.9535665944223 340.0057883904089 -0.24066594563294424 -0.14682696507529036 0.004900411533230816
3223.0 3084.0 340.0057930343863 340.05380247832824 -0.24064941056783862 -0.14679351015826797 0.004505943330157287
3224.0 3083.0 339.87021241498576 339.9446205046898 -0.146757807348568 -0.10925057070529616 0.0027908348140792054
3225.0 3084.0 339.87023292796704 339.9445204936593 -0.1092401605398131 -0.06460202988428868 0.0033160541636860687
3226.0 3084.0 339.8702081755251 339.9062889428824 -0.06455940466765404 0.006301851460518436 0.002556728003649733
3227.0 3084.0 339.90630099672364 339.94462019673256 -0.06457471587328674 0.006287286053261694 0.002715374700521386
3228.0 3084.0 339.9446226274983 340.00244387486305 -0.14673466975106536 -0.06470361019081804 0.004743129707158126
3229.0 3084.0 340.0024988006418 340.05379831426495 -0.14671916329985796 -0.06466679919586901 0.004209238848691116
3230.0 3084.0 339.94462438054364 339.99946412681453 -0.06466040425374849 0.006330550614592373 0.003893125199114873
3231.0 3084.0 339.9994744509295 340.05376756894583 -0.06460846315334738 0.00627584031782173 0.0038485291097957717
3232.0 3083.0 339.7203150790184 339.76510326424676 0.006334853959076692 0.06361468593596366 0.0025654591396263517
3233.0 3084.0 339.76512514390606 339.8019469381919 0.006364527639330284 0.063558843926955 0.0021059968691504558
3234.0 3084.0 339.72031547021805 339.7662414599845 0.06365015801522962 0.1272524552578964 0.0029209942489104813
3235.0 3084.0 339.76626252791385 339.80195992800077 0.06361968373642826 0.1272340041193112 0.0022708625797126882
3236.0 3083.0 339.80197296642064 339.8381032216152 0.0063497850847038795 0.06976205298245534 0.00229110079930492
3237.0 3084.0 339.8381095790975 339.8748159254421 0.006365666230074552 0.06976170397758104 0.0023270362862189997
3238.0 3084.0 339.8019616872627 339.83906339819 0.06978346028849172 0.12725603136314553 0.002132327476576651
3239.0 3084.0 339.83908899449597 339.8748169298931 0.06977151895244516 0.1272660390855227 0.0020541573781521346
3240.0 3083.0 339.7203246269469 339.7613582300513 0.12726917317527375 0.18684013368661548 0.002444401856739874
3241.0 3084.0 339.76138517455274 339.7984176558072 0.12726941564375968 0.18679765122819772 0.0022044698895327835
3242.0 3084.0 339.7203191599513 339.758695789118 0.18685994749946466 0.25280646578658195 0.0025307863093035326
3243.0 3084.0 339.75870740025425 339.7983835853661 0.1868490569631097 0.2528253490944701 0.002617668166629831
3244.0 3084.0 339.79844163059227 339.8358201399892 0.12730921470933868 0.18709919685218376 0.0022348518958908202
3245.0 3084.0 339.8358228184755 339.87481905450284 0.1272721180264815 0.18704227598345144 0.0023308023134042937
3246.0 3084.0 339.7984346842238 339.83753024209955 0.18710754648709146 0.25284397588058954 0.0025699832977446203
3247.0 3084.0 339.8375318352115 339.8748198735401 0.18710810496183708 0.2528651681515623 0.002451933685090289
3248.0 3083.0 339.8748267984536 339.9104751584106 0.0063600529813148555 0.07342694607775695 0.002390824030273174
3249.0 3084.0 339.9105087000907 339.9544610935438 0.006355997319957785 0.07342406183835941 0.0029478010771367947
3250.0 3084.0 339.8748223180999 339.91321743378967 0.07342778812566626 0.13118829912168822 0.0022177178725786284
3251.0 3084.0 339.91322717077946 339.95449180402153 0.07343127227173336 0.13120037027037648 0.002383816739788617
3252.0 3084.0 339.95450581200635 340.0044848143535 0.0063337802011157384 0.07039345771164211 0.0032016378882086583
3253.0 3084.0 340.0045067959299 340.0537927528669 0.006333647890377319 0.07038481300367277 0.003156822093678944
3254.0 3084.0 339.95450537417247 340.00353206528854 0.07040497596440635 0.1311684395374178 0.0029790268111357585
3255.0 3084.0 340.0035684136603 340.05376207100596 0.0703953406170448 0.13113061042294646 0.0030485204644143736
3256.0 3083.0 339.8748271691921 339.9139818706944 0.13120775922388114 0.19207112456165 0.0023830773068907124
3257.0 3084.0 339.91399048317027 339.9544757678395 0.13122463528361805 0.1921248322075738 0.0024655518770380085
3258.0 3084.0 339.8748576043388 339.9130224523358 0.19212746733535116 0.25286805551652414 0.0023181377275721554
3259.0 3084.0 339.91303847859456 339.9544684531532 0.19214422459457492 0.25286886824298316 0.002515801352724059
3260.0 3084.0 339.9544939410627 340.0053375454147 0.1312121042029009 0.19461412820534912 0.0032235742280782844
3261.0 3084.0 340.00534705547074 340.05375713078706 0.131200767913204 0.19461843373374524 0.0030700414122714096
3262.0 3084.0 339.9544969953795 340.0057986320151 0.19462204127630392 0.2528257048853623 0.0029859203099002187
3263.0 3084.0 340.00581945669313 340.05380380025235 0.19465933327072904 0.2528550335049679 0.00279246105911559
3264.0 3083.0 340.0538039494917 340.1077127104646 -0.3152982107152589 -0.21489262496321576 0.005412682094456168
3265.0 3084.0 340.107731202707 340.1570872216765 -0.3153022561929805 -0.21490075120292612 0.004955364907764461
3266.0 3084.0 340.0538058727783 340.15709386124786 -0.2148827988713221 -0.15909738693401015 0.00576193207194506
3267.0 3084.0 340.05384634143695 340.1570926832721 -0.1590971186890939 -0.10465498457544015 0.005620936088451054
3268.0 3083.0 340.15711514117766 340.21460395422594 -0.31528146765474896 -0.2145211874337646 0.0057925262552942945
3269.0 3084.0 340.21461083123336 340.2798249391551 -0.3153185510735903 -0.2145222950207279 0.006573266807411459
3270.0 3084.0 340.1571223252528 340.2186708873575 -0.21450537089562352 -0.10463317633853621 0.006762448328332995
3271.0 3084.0 340.21871548374605 340.27978867959405 -0.2144483125623931 -0.10467486980165623 0.006704187945904992
3272.0 3083.0 340.0538171877822 340.1091572237186 -0.1046169312167221 -0.026829391709056905 0.004304762069035497
3273.0 3084.0 340.10918070759203 340.1666903914884 -0.10462324531469906 -0.0268277921417449 0.004473988633213205
3274.0 3084.0 340.0538535223086 340.1096076644942 -0.026725654200001527 0.03845881749132415 0.0036343040879221887
3275.0 3084.0 340.10962719619954 340.1666933526417 -0.026825130065974437 0.03845222644885335 0.0037251276183596724
3276.0 3084.0 340.16670510344863 340.22501651611026 -0.10461601505353411 -0.01972752052100623 0.004949964668015166
3277.0 3084.0 340.2250198599973 340.2798302007194 -0.10460424700610757 -0.0197541485952605 0.004650659640620361
3278.0 3084.0 340.16671970029836 340.2238873161608 -0.019727369439971307 0.03845555582746347 0.0033261789341044144
3279.0 3084.0 340.2239178253174 340.27980207311526 -0.01968323440503017 0.03845618976682165 0.003249077804249315
3280.0 3083.0 340.27983503152143 340.3440513856292 -0.3152419237140684 -0.21949141519658152 0.0061486808993712165
3281.0 3084.0 340.3441023060522 340.4016005605787 -0.3152591063756537 -0.21948254076173132 0.005506924745583938
3282.0 3084.0 340.2798636442912 340.35071091031904 -0.21946258531131188 -0.13952799116310333 0.005663119207186809
3283.0 3084.0 340.35072410145887 340.4016021990469 -0.21947829740648594 -0.13956548191382998 0.004065791738104619
3284.0 3084.0 340.4016200040375 340.4817548272878 -0.3153065362038567 -0.2625053353618638 0.004231160957115297
3285.0 3084.0 340.4016323241204 340.4817907110592 -0.2624613200174163 -0.21767264441036743 0.003590156384186364
3286.0 3084.0 340.4016375730658 340.4428961493059 -0.21765255436465525 -0.13953372573940914 0.003223055739425901
3287.0 3084.0 340.44289982658876 340.4817934780781 -0.21761200119042387 -0.13953885601735447 0.0030365347156033323
3288.0 3083.0 340.27985627723734 340.38399029176 -0.1395115839262077 -0.0770681620949399 0.006502472260075769
3289.0 3084.0 340.2798570254132 340.38408188184223 -0.07698052426068862 -0.029239850429051896 0.0049757625943199395
3290.0 3084.0 340.27983858784035 340.32804308571605 -0.029238273429701398 0.03845536759621241 0.003263137774685859
3291.0 3084.0 340.3280714591805 340.38408491696447 -0.029229429584716735 0.03844810027074647 0.003790852228838167
3292.0 3084.0 340.38408590303993 340.43758988143895 -0.13952599156809725 -0.05283441938878281 0.004638337027612284
3293.0 3084.0 340.4375986371288 340.4817941155076 -0.1395054950016982 -0.05285070673935038 0.003829744060368796
3294.0 3084.0 340.3841122291859 340.4305983526937 -0.05282152620443818 0.0384024069024288 0.004240646539789249
3295.0 3084.0 340.43061267690126 340.4817778119325 -0.05283440454194088 0.038460559650304524 0.004671118639670218
3296.0 3083.0 340.0538104812876 340.1071381099706 0.03846887355840568 0.0944949137799044 0.002987733739193715
3297.0 3084.0 340.10714938092127 340.15882821513316 0.03846147292709625 0.09451793122196854 0.0028969303485697727
3298.0 3084.0 340.0538051280081 340.1076099715636 0.09457794742336864 0.14839934396517054 0.002895845204529977
3299.0 3084.0 340.107622524804 340.1588550839077 0.09452060607593747 0.1484066791160778 0.00276071511660708
3300.0 3083.0 340.1588683695089 340.21095566566754 0.03847619839136832 0.09350637384772266 0.0028663710352700095
3301.0 3084.0 340.2110517554973 340.26482303582225 0.03846171065562304 0.09347522401018649 0.0029581449738889432
3302.0 3084.0 340.1588661384883 340.209181725283 0.09352736628753666 0.14839329428227876 0.00276060510462208
3303.0 3084.0 340.20921718519537 340.26482580758943 0.09350928670162606 0.14840201492579536 0.0030525020772985273
3304.0 3083.0 340.05380992164794 340.10568122615746 0.14840802420968277 0.2000212022576446 0.002677230408679004
3305.0 3084.0 340.0538101695825 340.1056705071403 0.20002309851420888 0.252870102261339 0.0027406419512800905
3306.0 3084.0 340.10568534536884 340.15896710817225 0.14841977256933334 0.20183155223445368 0.0028458603784703444
