apolo/data/files/log_tiling_bf2.ecsv
# %ECSV 0.9
# ---
# datatype:
# - {name: tile, datatype: float64}
# - {name: n, datatype: float64}
# - {name: l_min, datatype: float64}
# - {name: l_max, datatype: float64}
# - {name: b_min, datatype: float64}
# - {name: b_max, datatype: float64}
# - {name: area, datatype: float64}
# schema: astropy-2.0
tile n l_min l_max b_min b_max area
[from data line 1022]
1022.0 4981.0 337.448803962704 337.51547062937067 -0.6892268716496848 -0.6225602049830181 0.004444152985155406
1023.0 4435.0 337.448803962704 337.51547062937067 -0.6225602049830181 -0.5558935383163515 0.004444209174468087
1024.0 3893.0 337.448803962704 337.51547062937067 -0.5558935383163515 -0.4892268716496848 0.004444259346965742
1025.0 3900.0 337.448803962704 337.51547062937067 -0.4892268716496848 -0.42256020498301816 0.004444303502580449
1026.0 2743.0 337.448803962704 337.51547062937067 -0.42256020498301816 -0.3558935383163515 0.004444341641252433
1027.0 3174.0 337.448803962704 337.51547062937067 -0.3558935383163515 -0.28922687164968486 0.00444437376293006
1028.0 2063.0 337.448803962704 337.51547062937067 -0.28922687164968486 -0.2225602049830182 0.004444399867569846
1029.0 2156.0 337.448803962704 337.51547062937067 -0.2225602049830182 -0.15589353831635155 0.004444419955136438
1030.0 3627.0 337.448803962704 337.51547062937067 -0.15589353831635155 -0.0892268716496849 0.004444434025602642
1031.0 4362.0 337.448803962704 337.51547062937067 -0.0892268716496849 -0.02256020498301825 0.00444444207894942
1032.0 4206.0 337.448803962704 337.51547062937067 -0.02256020498301825 0.0441064616836484 0.004444444115165857
1033.0 4111.0 337.448803962704 337.51547062937067 0.0441064616836484 0.11077312835031505 0.004444440134249203
1034.0 4790.0 337.448803962704 337.51547062937067 0.11077312835031505 0.1774397950169817 0.004444430136204842
1035.0 5277.0 337.448803962704 337.51547062937067 0.1774397950169817 0.24410646168364836 0.004444414121046317
1036.0 4445.0 337.448803962704 337.51547062937067 0.24410646168364836 0.310773128350315 0.004444392088795302
1037.0 4948.0 337.448803962704 337.51547062937067 0.310773128350315 0.37743979501698166 0.004444364039481639
1038.0 5479.0 337.448803962704 337.51547062937067 0.37743979501698166 0.4441064616836483 0.004444329973143282
1039.0 5773.0 337.448803962704 337.51547062937067 0.4441064616836483 0.510773128350315 0.00444428988982637
1040.0 5398.0 337.448803962704 337.51547062937067 0.510773128350315 0.5774397950169816 0.004444243789585153
1041.0 5188.0 337.448803962704 337.51547062937067 0.5774397950169816 0.6441064616836483 0.0044441916724820675
1042.0 5304.0 337.448803962704 337.51547062937067 0.6441064616836483 0.7107731283503149 0.00444413353858767
1043.0 5184.0 337.448803962704 337.51547062937067 0.7107731283503149 0.7774397950169816 0.004444069387980625
1044.0 4464.0 337.448803962704 337.51547062937067 0.7774397950169816 0.8441064616836482 0.0044439992207478286
1045.0 4592.0 337.448803962704 337.51547062937067 0.8441064616836482 0.9107731283503151 0.004443923036984274
1046.0 4303.0 337.448803962704 337.51547062937067 0.9107731283503151 0.9774397950169815 0.004443840836793055
1047.0 4181.0 337.448803962704 337.51547062937067 0.9774397950169815 1.044106461683648 0.004443752620285514
1048.0 3869.0 337.448803962704 337.51547062937067 1.044106461683648 1.1107731283503148 0.00444365838758108
1049.0 1358.0 337.448803962704 337.51547062937067 1.1107731283503148 1.1774397950169817 0.004443558138807332
1050.0 3652.0 337.51547062937067 337.58213729603733 -1.1558935383163513 -1.0892268716496847 0.004443591196562644
1051.0 3747.0 337.51547062937067 337.58213729603733 -1.0892268716496847 -1.022560204983018 0.004443689500994244
1052.0 4616.0 337.51547062937067 337.58213729603733 -1.022560204983018 -0.9558935383163514 0.004443781789314415
1053.0 4840.0 337.51547062937067 337.58213729603733 -0.9558935383163514 -0.8892268716496847 0.004443868061398161
1054.0 5091.0 337.51547062937067 337.58213729603733 -0.8892268716496847 -0.8225602049830181 0.004443948317128741
1055.0 4414.0 337.51547062937067 337.58213729603733 -0.8225602049830181 -0.7558935383163514 0.0044440225563974565
1056.0 4403.0 337.51547062937067 337.58213729603733 -0.7558935383163514 -0.6892268716496848 0.004444090779103791
1057.0 5063.0 337.51547062937067 337.58213729603733 -0.6892268716496848 -0.6225602049830181 0.004444152985155406
1058.0 4363.0 337.51547062937067 337.58213729603733 -0.6225602049830181 -0.5558935383163515 0.004444209174468087
1059.0 4633.0 337.51547062937067 337.58213729603733 -0.5558935383163515 -0.4892268716496848 0.004444259346965742
1060.0 3660.0 337.51547062937067 337.58213729603733 -0.4892268716496848 -0.42256020498301816 0.004444303502580449
1061.0 2735.0 337.51547062937067 337.58213729603733 -0.42256020498301816 -0.3558935383163515 0.004444341641252433
1062.0 2744.0 337.51547062937067 337.58213729603733 -0.3558935383163515 -0.28922687164968486 0.00444437376293006
1063.0 2269.0 337.51547062937067 337.58213729603733 -0.28922687164968486 -0.2225602049830182 0.004444399867569846
1064.0 1807.0 337.51547062937067 337.58213729603733 -0.2225602049830182 -0.15589353831635155 0.004444419955136438
1065.0 2788.0 337.51547062937067 337.58213729603733 -0.15589353831635155 -0.0892268716496849 0.004444434025602642
1066.0 3190.0 337.51547062937067 337.58213729603733 -0.0892268716496849 -0.02256020498301825 0.00444444207894942
1067.0 3850.0 337.51547062937067 337.58213729603733 -0.02256020498301825 0.0441064616836484 0.004444444115165857
1068.0 4134.0 337.51547062937067 337.58213729603733 0.0441064616836484 0.11077312835031505 0.004444440134249203
1069.0 4566.0 337.51547062937067 337.58213729603733 0.11077312835031505 0.1774397950169817 0.004444430136204842
1070.0 4130.0 337.51547062937067 337.58213729603733 0.1774397950169817 0.24410646168364836 0.004444414121046317
1071.0 5999.0 337.51547062937067 337.58213729603733 0.24410646168364836 0.310773128350315 0.004444392088795302
1072.0 6387.0 337.51547062937067 337.58213729603733 0.310773128350315 0.37743979501698166 0.004444364039481639
1073.0 6465.0 337.51547062937067 337.58213729603733 0.37743979501698166 0.4441064616836483 0.004444329973143282
1074.0 5982.0 337.51547062937067 337.58213729603733 0.4441064616836483 0.510773128350315 0.00444428988982637
1075.0 5512.0 337.51547062937067 337.58213729603733 0.510773128350315 0.5774397950169816 0.004444243789585153
1076.0 5447.0 337.51547062937067 337.58213729603733 0.5774397950169816 0.6441064616836483 0.0044441916724820675
1077.0 5282.0 337.51547062937067 337.58213729603733 0.6441064616836483 0.7107731283503149 0.00444413353858767
1078.0 5473.0 337.51547062937067 337.58213729603733 0.7107731283503149 0.7774397950169816 0.004444069387980625
1079.0 5066.0 337.51547062937067 337.58213729603733 0.7774397950169816 0.8441064616836482 0.0044439992207478286
1080.0 4928.0 337.51547062937067 337.58213729603733 0.8441064616836482 0.9107731283503151 0.004443923036984274
1081.0 4968.0 337.51547062937067 337.58213729603733 0.9107731283503151 0.9774397950169815 0.004443840836793055
1082.0 4544.0 337.51547062937067 337.58213729603733 0.9774397950169815 1.044106461683648 0.004443752620285514
1083.0 4046.0 337.51547062937067 337.58213729603733 1.044106461683648 1.1107731283503148 0.00444365838758108
1084.0 1366.0 337.51547062937067 337.58213729603733 1.1107731283503148 1.1774397950169817 0.004443558138807332
1085.0 4048.0 337.58213729603733 337.648803962704 -1.1558935383163513 -1.0892268716496847 0.004443591196562644
1086.0 4688.0 337.58213729603733 337.648803962704 -1.0892268716496847 -1.022560204983018 0.004443689500994244
1087.0 4618.0 337.58213729603733 337.648803962704 -1.022560204983018 -0.9558935383163514 0.004443781789314415
1088.0 4853.0 337.58213729603733 337.648803962704 -0.9558935383163514 -0.8892268716496847 0.004443868061398161
1089.0 5168.0 337.58213729603733 337.648803962704 -0.8892268716496847 -0.8225602049830181 0.004443948317128741
1090.0 4884.0 337.58213729603733 337.648803962704 -0.8225602049830181 -0.7558935383163514 0.0044440225563974565
1091.0 5076.0 337.58213729603733 337.648803962704 -0.7558935383163514 -0.6892268716496848 0.004444090779103791
1092.0 5094.0 337.58213729603733 337.648803962704 -0.6892268716496848 -0.6225602049830181 0.004444152985155406
1093.0 4962.0 337.58213729603733 337.648803962704 -0.6225602049830181 -0.5558935383163515 0.004444209174468087
1094.0 4121.0 337.58213729603733 337.648803962704 -0.5558935383163515 -0.4892268716496848 0.004444259346965742
1095.0 3487.0 337.58213729603733 337.648803962704 -0.4892268716496848 -0.42256020498301816 0.004444303502580449
1096.0 2471.0 337.58213729603733 337.648803962704 -0.42256020498301816 -0.3558935383163515 0.004444341641252433
1097.0 2209.0 337.58213729603733 337.648803962704 -0.3558935383163515 -0.28922687164968486 0.00444437376293006
1098.0 2591.0 337.58213729603733 337.648803962704 -0.28922687164968486 -0.2225602049830182 0.004444399867569846
1099.0 2659.0 337.58213729603733 337.648803962704 -0.2225602049830182 -0.15589353831635155 0.004444419955136438
1100.0 3252.0 337.58213729603733 337.648803962704 -0.15589353831635155 -0.0892268716496849 0.004444434025602642
1101.0 4431.0 337.58213729603733 337.648803962704 -0.0892268716496849 -0.02256020498301825 0.00444444207894942
1102.0 3916.0 337.58213729603733 337.648803962704 -0.02256020498301825 0.0441064616836484 0.004444444115165857
1103.0 4203.0 337.58213729603733 337.648803962704 0.0441064616836484 0.11077312835031505 0.004444440134249203
1104.0 4480.0 337.58213729603733 337.648803962704 0.11077312835031505 0.1774397950169817 0.004444430136204842
1105.0 4769.0 337.58213729603733 337.648803962704 0.1774397950169817 0.24410646168364836 0.004444414121046317
1106.0 4234.0 337.58213729603733 337.648803962704 0.24410646168364836 0.310773128350315 0.004444392088795302
1107.0 6796.0 337.58213729603733 337.648803962704 0.310773128350315 0.37743979501698166 0.004444364039481639
1108.0 6084.0 337.58213729603733 337.648803962704 0.37743979501698166 0.4441064616836483 0.004444329973143282
1109.0 5031.0 337.58213729603733 337.648803962704 0.4441064616836483 0.510773128350315 0.00444428988982637
1110.0 5467.0 337.58213729603733 337.648803962704 0.510773128350315 0.5774397950169816 0.004444243789585153
1111.0 5265.0 337.58213729603733 337.648803962704 0.5774397950169816 0.6441064616836483 0.0044441916724820675
1112.0 5379.0 337.58213729603733 337.648803962704 0.6441064616836483 0.7107731283503149 0.00444413353858767
1113.0 5434.0 337.58213729603733 337.648803962704 0.7107731283503149 0.7774397950169816 0.004444069387980625
1114.0 5062.0 337.58213729603733 337.648803962704 0.7774397950169816 0.8441064616836482 0.0044439992207478286
1115.0 4584.0 337.58213729603733 337.648803962704 0.8441064616836482 0.9107731283503151 0.004443923036984274
1116.0 4565.0 337.58213729603733 337.648803962704 0.9107731283503151 0.9774397950169815 0.004443840836793055
1117.0 4544.0 337.58213729603733 337.648803962704 0.9774397950169815 1.044106461683648 0.004443752620285514
1118.0 3803.0 337.58213729603733 337.648803962704 1.044106461683648 1.1107731283503148 0.00444365838758108
1119.0 1326.0 337.58213729603733 337.648803962704 1.1107731283503148 1.1774397950169817 0.004443558138807332
1120.0 4463.0 337.648803962704 337.71547062937066 -1.1558935383163513 -1.0892268716496847 0.004443591196562644
1121.0 4848.0 337.648803962704 337.71547062937066 -1.0892268716496847 -1.022560204983018 0.004443689500994244
1122.0 4992.0 337.648803962704 337.71547062937066 -1.022560204983018 -0.9558935383163514 0.004443781789314415
1123.0 4803.0 337.648803962704 337.71547062937066 -0.9558935383163514 -0.8892268716496847 0.004443868061398161
1124.0 5260.0 337.648803962704 337.71547062937066 -0.8892268716496847 -0.8225602049830181 0.004443948317128741
1125.0 5543.0 337.648803962704 337.71547062937066 -0.8225602049830181 -0.7558935383163514 0.0044440225563974565
1126.0 4939.0 337.648803962704 337.71547062937066 -0.7558935383163514 -0.6892268716496848 0.004444090779103791
1127.0 4698.0 337.648803962704 337.71547062937066 -0.6892268716496848 -0.6225602049830181 0.004444152985155406
1128.0 4380.0 337.648803962704 337.71547062937066 -0.6225602049830181 -0.5558935383163515 0.004444209174468087
1129.0 4436.0 337.648803962704 337.71547062937066 -0.5558935383163515 -0.4892268716496848 0.004444259346965742
1130.0 3413.0 337.648803962704 337.71547062937066 -0.4892268716496848 -0.42256020498301816 0.004444303502580449
1131.0 2038.0 337.648803962704 337.71547062937066 -0.42256020498301816 -0.3558935383163515 0.004444341641252433
1132.0 1900.0 337.648803962704 337.71547062937066 -0.3558935383163515 -0.28922687164968486 0.00444437376293006
1133.0 1790.0 337.648803962704 337.71547062937066 -0.28922687164968486 -0.2225602049830182 0.004444399867569846
1134.0 2801.0 337.648803962704 337.71547062937066 -0.2225602049830182 -0.15589353831635155 0.004444419955136438
1135.0 3418.0 337.648803962704 337.71547062937066 -0.15589353831635155 -0.0892268716496849 0.004444434025602642
1136.0 4396.0 337.648803962704 337.71547062937066 -0.0892268716496849 -0.02256020498301825 0.00444444207894942
1137.0 4493.0 337.648803962704 337.71547062937066 -0.02256020498301825 0.0441064616836484 0.004444444115165857
1138.0 4384.0 337.648803962704 337.71547062937066 0.0441064616836484 0.11077312835031505 0.004444440134249203
1139.0 3226.0 337.648803962704 337.71547062937066 0.11077312835031505 0.1774397950169817 0.004444430136204842
1140.0 5208.0 337.648803962704 337.71547062937066 0.1774397950169817 0.24410646168364836 0.004444414121046317
1141.0 4318.0 337.648803962704 337.71547062937066 0.24410646168364836 0.310773128350315 0.004444392088795302
1142.0 5508.0 337.648803962704 337.71547062937066 0.310773128350315 0.37743979501698166 0.004444364039481639
1143.0 5593.0 337.648803962704 337.71547062937066 0.37743979501698166 0.4441064616836483 0.004444329973143282
1144.0 4311.0 337.648803962704 337.71547062937066 0.4441064616836483 0.510773128350315 0.00444428988982637
1145.0 5627.0 337.648803962704 337.71547062937066 0.510773128350315 0.5774397950169816 0.004444243789585153
1146.0 5497.0 337.648803962704 337.71547062937066 0.5774397950169816 0.6441064616836483 0.0044441916724820675
1147.0 5549.0 337.648803962704 337.71547062937066 0.6441064616836483 0.7107731283503149 0.00444413353858767
1148.0 5193.0 337.648803962704 337.71547062937066 0.7107731283503149 0.7774397950169816 0.004444069387980625
1149.0 5052.0 337.648803962704 337.71547062937066 0.7774397950169816 0.8441064616836482 0.0044439992207478286
1150.0 4953.0 337.648803962704 337.71547062937066 0.8441064616836482 0.9107731283503151 0.004443923036984274
1151.0 4516.0 337.648803962704 337.71547062937066 0.9107731283503151 0.9774397950169815 0.004443840836793055
1152.0 4428.0 337.648803962704 337.71547062937066 0.9774397950169815 1.044106461683648 0.004443752620285514
1153.0 3879.0 337.648803962704 337.71547062937066 1.044106461683648 1.1107731283503148 0.00444365838758108
1154.0 1258.0 337.648803962704 337.71547062937066 1.1107731283503148 1.1774397950169817 0.004443558138807332
1155.0 4054.0 337.71547062937066 337.7821372960373 -1.1558935383163513 -1.0892268716496847 0.004443591196562644
1156.0 4723.0 337.71547062937066 337.7821372960373 -1.0892268716496847 -1.022560204983018 0.004443689500994244
1157.0 5039.0 337.71547062937066 337.7821372960373 -1.022560204983018 -0.9558935383163514 0.004443781789314415
1158.0 4887.0 337.71547062937066 337.7821372960373 -0.9558935383163514 -0.8892268716496847 0.004443868061398161
1159.0 5269.0 337.71547062937066 337.7821372960373 -0.8892268716496847 -0.8225602049830181 0.004443948317128741
1160.0 5600.0 337.71547062937066 337.7821372960373 -0.8225602049830181 -0.7558935383163514 0.0044440225563974565
1161.0 5040.0 337.71547062937066 337.7821372960373 -0.7558935383163514 -0.6892268716496848 0.004444090779103791
1162.0 5085.0 337.71547062937066 337.7821372960373 -0.6892268716496848 -0.6225602049830181 0.004444152985155406
1163.0 4435.0 337.71547062937066 337.7821372960373 -0.6225602049830181 -0.5558935383163515 0.004444209174468087
1164.0 3499.0 337.71547062937066 337.7821372960373 -0.5558935383163515 -0.4892268716496848 0.004444259346965742
