apolo/data/files/log_tiling_bf0.ecsv
# %ECSV 0.9
# ---
# datatype:
# - {name: tile, datatype: float64}
# - {name: n, datatype: float64}
# - {name: l_min, datatype: float64}
# - {name: l_max, datatype: float64}
# - {name: b_min, datatype: float64}
# - {name: b_max, datatype: float64}
# - {name: area, datatype: float64}
# schema: astropy-2.0
tile n l_min l_max b_min b_max area
[from data line 2608]
2608.0 3867.0 340.4821372960372 340.54880396270386 0.0441064616836484 0.11077312835031505 0.004444440134249203
2609.0 4682.0 340.4821372960372 340.54880396270386 0.11077312835031505 0.1774397950169817 0.004444430136204842
2610.0 4682.0 340.4821372960372 340.54880396270386 0.1774397950169817 0.24410646168364836 0.004444414121046317
2611.0 5536.0 340.4821372960372 340.54880396270386 0.24410646168364836 0.310773128350315 0.004444392088795302
2612.0 5492.0 340.4821372960372 340.54880396270386 0.310773128350315 0.37743979501698166 0.004444364039481639
2613.0 5448.0 340.4821372960372 340.54880396270386 0.37743979501698166 0.4441064616836483 0.004444329973143282
2614.0 4715.0 340.4821372960372 340.54880396270386 0.4441064616836483 0.510773128350315 0.00444428988982637
2615.0 5347.0 340.4821372960372 340.54880396270386 0.510773128350315 0.5774397950169816 0.004444243789585153
2616.0 5709.0 340.4821372960372 340.54880396270386 0.5774397950169816 0.6441064616836483 0.0044441916724820675
2617.0 5593.0 340.4821372960372 340.54880396270386 0.6441064616836483 0.7107731283503149 0.00444413353858767
2618.0 5176.0 340.4821372960372 340.54880396270386 0.7107731283503149 0.7774397950169816 0.004444069387980625
2619.0 4438.0 340.4821372960372 340.54880396270386 0.7774397950169816 0.8441064616836482 0.0044439992207478286
2620.0 4375.0 340.4821372960372 340.54880396270386 0.8441064616836482 0.9107731283503151 0.004443923036984274
2621.0 3975.0 340.4821372960372 340.54880396270386 0.9107731283503151 0.9774397950169815 0.004443840836793055
2622.0 4196.0 340.4821372960372 340.54880396270386 0.9774397950169815 1.044106461683648 0.004443752620285514
2623.0 4031.0 340.4821372960372 340.54880396270386 1.044106461683648 1.1107731283503148 0.00444365838758108
2624.0 1288.0 340.4821372960372 340.54880396270386 1.1107731283503148 1.1774397950169817 0.004443558138807332
2625.0 2698.0 340.54880396270386 340.6154706293705 -1.1558935383163513 -1.0892268716496847 0.004443591196562644
2626.0 2655.0 340.54880396270386 340.6154706293705 -1.0892268716496847 -1.022560204983018 0.004443689500994244
2627.0 2005.0 340.54880396270386 340.6154706293705 -1.022560204983018 -0.9558935383163514 0.004443781789314415
2628.0 1748.0 340.54880396270386 340.6154706293705 -0.9558935383163514 -0.8892268716496847 0.004443868061398161
2629.0 1870.0 340.54880396270386 340.6154706293705 -0.8892268716496847 -0.8225602049830181 0.004443948317128741
2630.0 2472.0 340.54880396270386 340.6154706293705 -0.8225602049830181 -0.7558935383163514 0.0044440225563974565
2631.0 2775.0 340.54880396270386 340.6154706293705 -0.7558935383163514 -0.6892268716496848 0.004444090779103791
2632.0 2546.0 340.54880396270386 340.6154706293705 -0.6892268716496848 -0.6225602049830181 0.004444152985155406
2633.0 2313.0 340.54880396270386 340.6154706293705 -0.6225602049830181 -0.5558935383163515 0.004444209174468087
2634.0 2429.0 340.54880396270386 340.6154706293705 -0.5558935383163515 -0.4892268716496848 0.004444259346965742
2635.0 2902.0 340.54880396270386 340.6154706293705 -0.4892268716496848 -0.42256020498301816 0.004444303502580449
2636.0 2469.0 340.54880396270386 340.6154706293705 -0.42256020498301816 -0.3558935383163515 0.004444341641252433
2637.0 2469.0 340.54880396270386 340.6154706293705 -0.3558935383163515 -0.28922687164968486 0.00444437376293006
2638.0 2593.0 340.54880396270386 340.6154706293705 -0.28922687164968486 -0.2225602049830182 0.004444399867569846
2639.0 2421.0 340.54880396270386 340.6154706293705 -0.2225602049830182 -0.15589353831635155 0.004444419955136438
2640.0 1983.0 340.54880396270386 340.6154706293705 -0.15589353831635155 -0.0892268716496849 0.004444434025602642
2641.0 3241.0 340.54880396270386 340.6154706293705 -0.0892268716496849 -0.02256020498301825 0.00444444207894942
2642.0 3678.0 340.54880396270386 340.6154706293705 -0.02256020498301825 0.0441064616836484 0.004444444115165857
2643.0 3301.0 340.54880396270386 340.6154706293705 0.0441064616836484 0.11077312835031505 0.004444440134249203
2644.0 4730.0 340.54880396270386 340.6154706293705 0.11077312835031505 0.1774397950169817 0.004444430136204842
2645.0 5083.0 340.54880396270386 340.6154706293705 0.1774397950169817 0.24410646168364836 0.004444414121046317
2646.0 5155.0 340.54880396270386 340.6154706293705 0.24410646168364836 0.310773128350315 0.004444392088795302
2647.0 5311.0 340.54880396270386 340.6154706293705 0.310773128350315 0.37743979501698166 0.004444364039481639
2648.0 4968.0 340.54880396270386 340.6154706293705 0.37743979501698166 0.4441064616836483 0.004444329973143282
2649.0 5013.0 340.54880396270386 340.6154706293705 0.4441064616836483 0.510773128350315 0.00444428988982637
2650.0 5675.0 340.54880396270386 340.6154706293705 0.510773128350315 0.5774397950169816 0.004444243789585153
2651.0 5675.0 340.54880396270386 340.6154706293705 0.5774397950169816 0.6441064616836483 0.0044441916724820675
2652.0 5285.0 340.54880396270386 340.6154706293705 0.6441064616836483 0.7107731283503149 0.00444413353858767
2653.0 5068.0 340.54880396270386 340.6154706293705 0.7107731283503149 0.7774397950169816 0.004444069387980625
2654.0 4510.0 340.54880396270386 340.6154706293705 0.7774397950169816 0.8441064616836482 0.0044439992207478286
2655.0 4218.0 340.54880396270386 340.6154706293705 0.8441064616836482 0.9107731283503151 0.004443923036984274
2656.0 3989.0 340.54880396270386 340.6154706293705 0.9107731283503151 0.9774397950169815 0.004443840836793055
2657.0 4141.0 340.54880396270386 340.6154706293705 0.9774397950169815 1.044106461683648 0.004443752620285514
2658.0 3995.0 340.54880396270386 340.6154706293705 1.044106461683648 1.1107731283503148 0.00444365838758108
2659.0 1244.0 340.54880396270386 340.6154706293705 1.1107731283503148 1.1774397950169817 0.004443558138807332
2660.0 2436.0 340.6154706293705 340.6821372960372 -1.1558935383163513 -1.0892268716496847 0.004443591196562644
2661.0 2377.0 340.6154706293705 340.6821372960372 -1.0892268716496847 -1.022560204983018 0.004443689500994244
2662.0 1893.0 340.6154706293705 340.6821372960372 -1.022560204983018 -0.9558935383163514 0.004443781789314415
2663.0 1639.0 340.6154706293705 340.6821372960372 -0.9558935383163514 -0.8892268716496847 0.004443868061398161
2664.0 1716.0 340.6154706293705 340.6821372960372 -0.8892268716496847 -0.8225602049830181 0.004443948317128741
2665.0 1836.0 340.6154706293705 340.6821372960372 -0.8225602049830181 -0.7558935383163514 0.0044440225563974565
2666.0 2542.0 340.6154706293705 340.6821372960372 -0.7558935383163514 -0.6892268716496848 0.004444090779103791
2667.0 2112.0 340.6154706293705 340.6821372960372 -0.6892268716496848 -0.6225602049830181 0.004444152985155406
2668.0 1861.0 340.6154706293705 340.6821372960372 -0.6225602049830181 -0.5558935383163515 0.004444209174468087
2669.0 2932.0 340.6154706293705 340.6821372960372 -0.5558935383163515 -0.4892268716496848 0.004444259346965742
2670.0 3050.0 340.6154706293705 340.6821372960372 -0.4892268716496848 -0.42256020498301816 0.004444303502580449
2671.0 2613.0 340.6154706293705 340.6821372960372 -0.42256020498301816 -0.3558935383163515 0.004444341641252433
2672.0 2698.0 340.6154706293705 340.6821372960372 -0.3558935383163515 -0.28922687164968486 0.00444437376293006
2673.0 2433.0 340.6154706293705 340.6821372960372 -0.28922687164968486 -0.2225602049830182 0.004444399867569846
2674.0 1875.0 340.6154706293705 340.6821372960372 -0.2225602049830182 -0.15589353831635155 0.004444419955136438
2675.0 2200.0 340.6154706293705 340.6821372960372 -0.15589353831635155 -0.0892268716496849 0.004444434025602642
2676.0 3595.0 340.6154706293705 340.6821372960372 -0.0892268716496849 -0.02256020498301825 0.00444444207894942
2677.0 4124.0 340.6154706293705 340.6821372960372 -0.02256020498301825 0.0441064616836484 0.004444444115165857
2678.0 3611.0 340.6154706293705 340.6821372960372 0.0441064616836484 0.11077312835031505 0.004444440134249203
2679.0 4888.0 340.6154706293705 340.6821372960372 0.11077312835031505 0.1774397950169817 0.004444430136204842
2680.0 4743.0 340.6154706293705 340.6821372960372 0.1774397950169817 0.24410646168364836 0.004444414121046317
2681.0 5215.0 340.6154706293705 340.6821372960372 0.24410646168364836 0.310773128350315 0.004444392088795302
2682.0 5040.0 340.6154706293705 340.6821372960372 0.310773128350315 0.37743979501698166 0.004444364039481639
2683.0 5007.0 340.6154706293705 340.6821372960372 0.37743979501698166 0.4441064616836483 0.004444329973143282
2684.0 5943.0 340.6154706293705 340.6821372960372 0.4441064616836483 0.510773128350315 0.00444428988982637
2685.0 6247.0 340.6154706293705 340.6821372960372 0.510773128350315 0.5774397950169816 0.004444243789585153
2686.0 5852.0 340.6154706293705 340.6821372960372 0.5774397950169816 0.6441064616836483 0.0044441916724820675
2687.0 5569.0 340.6154706293705 340.6821372960372 0.6441064616836483 0.7107731283503149 0.00444413353858767
2688.0 5165.0 340.6154706293705 340.6821372960372 0.7107731283503149 0.7774397950169816 0.004444069387980625
2689.0 4943.0 340.6154706293705 340.6821372960372 0.7774397950169816 0.8441064616836482 0.0044439992207478286
2690.0 4778.0 340.6154706293705 340.6821372960372 0.8441064616836482 0.9107731283503151 0.004443923036984274
2691.0 4466.0 340.6154706293705 340.6821372960372 0.9107731283503151 0.9774397950169815 0.004443840836793055
2692.0 4196.0 340.6154706293705 340.6821372960372 0.9774397950169815 1.044106461683648 0.004443752620285514
2693.0 4082.0 340.6154706293705 340.6821372960372 1.044106461683648 1.1107731283503148 0.00444365838758108
2694.0 1376.0 340.6154706293705 340.6821372960372 1.1107731283503148 1.1774397950169817 0.004443558138807332
2695.0 2036.0 340.6821372960372 340.74880396270385 -1.1558935383163513 -1.0892268716496847 0.004443591196562644
2696.0 2048.0 340.6821372960372 340.74880396270385 -1.0892268716496847 -1.022560204983018 0.004443689500994244
2697.0 1577.0 340.6821372960372 340.74880396270385 -1.022560204983018 -0.9558935383163514 0.004443781789314415
2698.0 1589.0 340.6821372960372 340.74880396270385 -0.9558935383163514 -0.8892268716496847 0.004443868061398161
2699.0 2266.0 340.6821372960372 340.74880396270385 -0.8892268716496847 -0.8225602049830181 0.004443948317128741
2700.0 2494.0 340.6821372960372 340.74880396270385 -0.8225602049830181 -0.7558935383163514 0.0044440225563974565
2701.0 2470.0 340.6821372960372 340.74880396270385 -0.7558935383163514 -0.6892268716496848 0.004444090779103791
2702.0 2044.0 340.6821372960372 340.74880396270385 -0.6892268716496848 -0.6225602049830181 0.004444152985155406
2703.0 2248.0 340.6821372960372 340.74880396270385 -0.6225602049830181 -0.5558935383163515 0.004444209174468087
2704.0 2822.0 340.6821372960372 340.74880396270385 -0.5558935383163515 -0.4892268716496848 0.004444259346965742
2705.0 3305.0 340.6821372960372 340.74880396270385 -0.4892268716496848 -0.42256020498301816 0.004444303502580449
2706.0 3283.0 340.6821372960372 340.74880396270385 -0.42256020498301816 -0.3558935383163515 0.004444341641252433
2707.0 2413.0 340.6821372960372 340.74880396270385 -0.3558935383163515 -0.28922687164968486 0.00444437376293006
2708.0 1753.0 340.6821372960372 340.74880396270385 -0.28922687164968486 -0.2225602049830182 0.004444399867569846
2709.0 1628.0 340.6821372960372 340.74880396270385 -0.2225602049830182 -0.15589353831635155 0.004444419955136438
2710.0 1964.0 340.6821372960372 340.74880396270385 -0.15589353831635155 -0.0892268716496849 0.004444434025602642
2711.0 3047.0 340.6821372960372 340.74880396270385 -0.0892268716496849 -0.02256020498301825 0.00444444207894942
2712.0 3300.0 340.6821372960372 340.74880396270385 -0.02256020498301825 0.0441064616836484 0.004444444115165857
2713.0 3975.0 340.6821372960372 340.74880396270385 0.0441064616836484 0.11077312835031505 0.004444440134249203
2714.0 4968.0 340.6821372960372 340.74880396270385 0.11077312835031505 0.1774397950169817 0.004444430136204842
2715.0 5379.0 340.6821372960372 340.74880396270385 0.1774397950169817 0.24410646168364836 0.004444414121046317
2716.0 4943.0 340.6821372960372 340.74880396270385 0.24410646168364836 0.310773128350315 0.004444392088795302
2717.0 4331.0 340.6821372960372 340.74880396270385 0.310773128350315 0.37743979501698166 0.004444364039481639
2718.0 5279.0 340.6821372960372 340.74880396270385 0.37743979501698166 0.4441064616836483 0.004444329973143282
2719.0 6009.0 340.6821372960372 340.74880396270385 0.4441064616836483 0.510773128350315 0.00444428988982637
2720.0 5704.0 340.6821372960372 340.74880396270385 0.510773128350315 0.5774397950169816 0.004444243789585153
2721.0 5513.0 340.6821372960372 340.74880396270385 0.5774397950169816 0.6441064616836483 0.0044441916724820675
2722.0 5387.0 340.6821372960372 340.74880396270385 0.6441064616836483 0.7107731283503149 0.00444413353858767
2723.0 5239.0 340.6821372960372 340.74880396270385 0.7107731283503149 0.7774397950169816 0.004444069387980625
2724.0 5023.0 340.6821372960372 340.74880396270385 0.7774397950169816 0.8441064616836482 0.0044439992207478286
2725.0 4682.0 340.6821372960372 340.74880396270385 0.8441064616836482 0.9107731283503151 0.004443923036984274
2726.0 4184.0 340.6821372960372 340.74880396270385 0.9107731283503151 0.9774397950169815 0.004443840836793055
2727.0 4247.0 340.6821372960372 340.74880396270385 0.9774397950169815 1.044106461683648 0.004443752620285514
2728.0 3921.0 340.6821372960372 340.74880396270385 1.044106461683648 1.1107731283503148 0.00444365838758108
2729.0 1313.0 340.6821372960372 340.74880396270385 1.1107731283503148 1.1774397950169817 0.004443558138807332
2730.0 2654.0 340.74880396270385 340.8154706293705 -1.1558935383163513 -1.0892268716496847 0.004443591196562644
2731.0 1813.0 340.74880396270385 340.8154706293705 -1.0892268716496847 -1.022560204983018 0.004443689500994244
2732.0 1416.0 340.74880396270385 340.8154706293705 -1.022560204983018 -0.9558935383163514 0.004443781789314415
2733.0 1993.0 340.74880396270385 340.8154706293705 -0.9558935383163514 -0.8892268716496847 0.004443868061398161
2734.0 2479.0 340.74880396270385 340.8154706293705 -0.8892268716496847 -0.8225602049830181 0.004443948317128741
2735.0 2769.0 340.74880396270385 340.8154706293705 -0.8225602049830181 -0.7558935383163514 0.0044440225563974565
2736.0 2942.0 340.74880396270385 340.8154706293705 -0.7558935383163514 -0.6892268716496848 0.004444090779103791
2737.0 2345.0 340.74880396270385 340.8154706293705 -0.6892268716496848 -0.6225602049830181 0.004444152985155406
2738.0 2384.0 340.74880396270385 340.8154706293705 -0.6225602049830181 -0.5558935383163515 0.004444209174468087
2739.0 3121.0 340.74880396270385 340.8154706293705 -0.5558935383163515 -0.4892268716496848 0.004444259346965742
2740.0 3401.0 340.74880396270385 340.8154706293705 -0.4892268716496848 -0.42256020498301816 0.004444303502580449
2741.0 3504.0 340.74880396270385 340.8154706293705 -0.42256020498301816 -0.3558935383163515 0.004444341641252433
2742.0 2148.0 340.74880396270385 340.8154706293705 -0.3558935383163515 -0.28922687164968486 0.00444437376293006
2743.0 1962.0 340.74880396270385 340.8154706293705 -0.28922687164968486 -0.2225602049830182 0.004444399867569846
2744.0 1372.0 340.74880396270385 340.8154706293705 -0.2225602049830182 -0.15589353831635155 0.004444419955136438
2745.0 1489.0 340.74880396270385 340.8154706293705 -0.15589353831635155 -0.0892268716496849 0.004444434025602642
2746.0 2125.0 340.74880396270385 340.8154706293705 -0.0892268716496849 -0.02256020498301825 0.00444444207894942
2747.0 3358.0 340.74880396270385 340.8154706293705 -0.02256020498301825 0.0441064616836484 0.004444444115165857
2748.0 4257.0 340.74880396270385 340.8154706293705 0.0441064616836484 0.11077312835031505 0.004444440134249203
2749.0 4844.0 340.74880396270385 340.8154706293705 0.11077312835031505 0.1774397950169817 0.004444430136204842
2750.0 4879.0 340.74880396270385 340.8154706293705 0.1774397950169817 0.24410646168364836 0.004444414121046317
