apolo/data/files/log_tiling_4096.ecsv
# %ECSV 0.9
# ---
# datatype:
# - {name: tile, datatype: float64}
# - {name: n, datatype: float64}
# - {name: l_min, datatype: float64}
# - {name: l_max, datatype: float64}
# - {name: b_min, datatype: float64}
# - {name: b_max, datatype: float64}
# - {name: area, datatype: float64}
# schema: astropy-2.0
tile n l_min l_max b_min b_max area
[from data line 1873]
1873.0 3084.0 338.18926355929784 338.2303734180231 0.12150226966450621 0.17649484367325188 0.00226072921734416
1874.0 3084.0 338.14958230228854 338.1912613480989 0.17650055333247222 0.23189169075335955 0.00230863500268726
1875.0 3084.0 338.19126493423323 338.2303645775783 0.17650565570499277 0.23190329020997671 0.002166013910092729
1876.0 3084.0 338.2303792962377 338.27187242532744 0.1215141347241807 0.1781089535824018 0.002348288001958972
1877.0 3084.0 338.2718997262087 338.3116690739786 0.12149560333575923 0.17811007727112724 0.002251512915584449
1878.0 3084.0 338.2303898349305 338.2730655017371 0.17811406696161694 0.23189655502951273 0.002295188764726862
1879.0 3084.0 338.2730665451223 338.311648213371 0.17811246139955086 0.23189533675762947 0.00207501969603639
1880.0 3083.0 338.1495705956786 338.1882581709893 0.23192398241203396 0.28944516883914395 0.00222533210522021
1881.0 3084.0 338.1882913292559 338.23488772341983 0.2319123537252077 0.2894954473590744 0.002683136639435749
1882.0 3084.0 338.14956433532666 338.19149922827137 0.28951005719412026 0.344086368838605 0.0022886167156604066
1883.0 3084.0 338.19150937138363 338.2349079939265 0.2895488098510912 0.344070925375365 0.002366148450839841
1884.0 3084.0 338.2349210208634 338.2750256941308 0.23190435731693063 0.2878191937093015 0.0022424230915340055
1885.0 3084.0 338.2750408875731 338.31167300324563 0.23192403216509516 0.287921429020406 0.0020512819295547668
1886.0 3084.0 338.23492640520516 338.2739281831362 0.28793474316374146 0.3440390759335436 0.002188135363355385
1887.0 3084.0 338.27397179501247 338.31164710479703 0.28793025324412125 0.344085881077306 0.0021156484112644573
1888.0 3083.0 337.9989965952274 338.0398430225902 0.3441108432635596 0.3987562389791086 0.002232022200021897
1889.0 3084.0 338.03984739316485 338.0783643968486 0.34410945531453885 0.39878335421015165 0.0021058304317248633
1890.0 3084.0 337.99898922327526 338.03853708698216 0.39878512596768034 0.4546514054657039 0.002209330645633967
1891.0 3084.0 338.03854140343526 338.0783656611114 0.3987843274389643 0.45464685186397247 0.002224621781465375
1892.0 3083.0 338.0783799772252 338.11497583908897 0.3441187049918502 0.3990907036805976 0.0020117052816593143
1893.0 3084.0 338.114985842473 338.15327543284894 0.3441185379232147 0.399116673755396 0.0021058117176525233
1894.0 3084.0 338.0784024964735 338.11593978400725 0.39912676040011724 0.45465086157749257 0.0020841662202848586
1895.0 3084.0 338.1159413067616 338.1532607006508 0.39913446087405335 0.45462371794854894 0.0020707678858495507
1896.0 3083.0 337.99899348455295 338.03741229139496 0.4546592854638139 0.5106095114846819 0.002149464579518026
1897.0 3084.0 338.0374164411334 338.077039825762 0.4546524893710089 0.5106221536845094 0.0022176287677455383
1898.0 3084.0 337.9990088652438 338.0381622361959 0.5106244974336284 0.5699785318749654 0.002323807097202345
1899.0 3084.0 338.0381695223523 338.0770768574467 0.5106228397191105 0.5699593887763579 0.0023085242509733104
1900.0 3084.0 338.0770796857574 338.11539510291806 0.4546670960457631 0.5102535956393675 0.0021297443297173995
1901.0 3084.0 338.1153989023198 338.1532562215604 0.45468931327555256 0.5102519609308602 0.002103378232125785
1902.0 3084.0 338.07708897806265 338.1149469856601 0.5102674023963758 0.5699680205786439 0.0022600459310713316
1903.0 3084.0 338.11496316293005 338.15328609100226 0.5102615667631503 0.5699502703414867 0.002287344158580156
1904.0 3083.0 338.1533123118668 338.19422305164613 0.34410338345848795 0.3959389755552777 0.0021205881249131576
1905.0 3084.0 338.1942318036026 338.23307764889336 0.34413417753300674 0.3959471779633545 0.002012677753760299
1906.0 3084.0 338.1532899917722 338.19386935452394 0.3959624826073602 0.44909830100541603 0.002156158941079896
1907.0 3084.0 338.1938791588471 338.2330788129237 0.3959700175870292 0.44908732596930123 0.002082123421643494
1908.0 3084.0 338.23308935206546 338.27263775755256 0.344093755007727 0.3959634727267958 0.0020513217792063323
1909.0 3084.0 338.27264562844294 338.3116732397989 0.34409524000101005 0.3959654487967894 0.002024328063655045
1910.0 3084.0 338.2330915757431 338.27323322531174 0.3959709771984864 0.44909101660777734 0.002132267948628595
1911.0 3084.0 338.2732424544373 338.31166271053496 0.3959700333563733 0.4490968502850691 0.0020410903356094827
1912.0 3083.0 338.1532943326656 338.1913096157978 0.4491407985781683 0.5078004683029569 0.002229886100228557
1913.0 3084.0 338.1913219972167 338.22992391735386 0.44917490954284195 0.5078008237215548 0.002262993842821642
1914.0 3084.0 338.1533332564983 338.19109496418406 0.5078858609901337 0.5699974716312255 0.0023453366101975795
1915.0 3084.0 338.19110351508414 338.2299272813765 0.5078101630496565 0.5699650738848723 0.0024129808827527094
1916.0 3084.0 338.2299278880293 338.2730729675056 0.4491128719303367 0.5028141439479669 0.0023168656204620723
1917.0 3084.0 338.2730771952177 338.3116695810886 0.449121747793372 0.5028979044835766 0.002075278491631656
1918.0 3084.0 338.22994876413065 338.2682552726643 0.5028990539911725 0.5700029553008158 0.0025704033528773217
1919.0 3084.0 338.2682667231724 338.31161752980506 0.502904927036762 0.5699987175614393 0.002908442287100668
1920.0 3083.0 337.66289814289286 337.70349783153335 0.5700117408962547 0.6293470602299804 0.0024088634370578958
1921.0 3084.0 337.7035045177009 337.74291010865954 0.5700033827009257 0.629349517591986 0.0023384413249634976
1922.0 3084.0 337.6628978873983 337.70393483873454 0.6293573431291335 0.6918845233925592 0.002565754169745746
1923.0 3084.0 337.70395678278686 337.7429130358937 0.6293673061741075 0.6918877519373307 0.0024354002940258856
1924.0 3083.0 337.7429135869601 337.7808116888575 0.5700206891504737 0.6294696704405364 0.0022528800208606032
1925.0 3084.0 337.7808159557445 337.81975884642236 0.5700041869349037 0.6294506695724071 0.0023148909521063478
1926.0 3084.0 337.74294301808493 337.78182054620606 0.6294881904064712 0.6918827155311681 0.0024255835149302606
1927.0 3084.0 337.7818231384215 337.8197790802057 0.6294802189959608 0.6918543293434514 0.0023673105970052266
1928.0 3083.0 337.6629374202513 337.70332879126335 0.6919157044327919 0.7576411725293979 0.0026545292226309233
1929.0 3084.0 337.7033385671613 337.74274252375136 0.6919553954850387 0.7576133920342747 0.002586977707253567
1930.0 3084.0 337.66291031735096 337.7034999303621 0.757646073318915 0.8231397373205512 0.0026581093914421552
1931.0 3084.0 337.7035256659723 337.7427471457086 0.7576814102706483 0.8231260898445798 0.002566592795717935
1932.0 3084.0 337.74277227643006 337.7806947757474 0.6918963182721418 0.7553324513170376 0.0024054647369314533
1933.0 3084.0 337.78071025568266 337.819795543627 0.6918962139652842 0.7553362029226854 0.0024793723609990324
1934.0 3084.0 337.74275519280235 337.7805488291359 0.7553487233715246 0.8231536227144696 0.002562350433729644
1935.0 3084.0 337.7805557488687 337.81979208698164 0.7553477921972787 0.8231321659322396 0.002659358130151081
1936.0 3083.0 337.8198198130221 337.8572322068155 0.5701051681304306 0.6313395908872982 0.0022908003132780515
1937.0 3084.0 337.8572372690927 337.89514472364755 0.5700327201330349 0.6313459287435225 0.0023240998262541897
1938.0 3084.0 337.81979670289377 337.8579317487682 0.6313694516246308 0.6938100469579974 0.0023810156285330093
1939.0 3084.0 337.8579408758557 337.89515875786435 0.6313484982974764 0.6938344468453453 0.0023254390395625957
1940.0 3084.0 337.89516231319715 337.9330053111551 0.5700308474699874 0.6326067506198266 0.002367929243802805
1941.0 3084.0 337.93301470477127 337.9799602635773 0.5700490269723354 0.6325605635532341 0.0029344772623563476
1942.0 3084.0 337.8951656875962 337.93317233285035 0.632727456706259 0.6938344704002948 0.002322316861893934
1943.0 3084.0 337.9331797692687 337.9799671778878 0.6326110931064036 0.6938504399986838 0.0028650382511148757
1944.0 3083.0 337.8197960522027 337.8598249953688 0.693859864537906 0.7570591725110393 0.0025295985956563585
1945.0 3084.0 337.85982871083627 337.8996690877267 0.693874241220061 0.7570581157791675 0.002517067466036217
1946.0 3084.0 337.8198058891564 337.8599981034882 0.7570622536430076 0.8231275703212724 0.002655058761174626
1947.0 3084.0 337.8600255922526 337.89965322811474 0.7570628942914701 0.8231293797654191 0.002617809565568945
1948.0 3084.0 337.8996699013606 337.93805527756984 0.6938683783770124 0.7587947662291163 0.002492023438761822
1949.0 3084.0 337.938064103432 337.9799349287186 0.6938642306567597 0.7588325644812395 0.0027200590231065535
1950.0 3084.0 337.89967723661744 337.93945308930853 0.7588590785472499 0.823129538223876 0.002556168592273288
1951.0 3084.0 337.93945648200884 337.9799830842446 0.7588447960350577 0.8230816232313692 0.002603052149516204
1952.0 3083.0 337.6628977545758 337.7025369549393 0.8231564856267498 0.8922660556456123 0.002739140980994304
1953.0 3084.0 337.7025537350946 337.7425958707929 0.8231639545791966 0.8923025329108145 0.0027681459554520322
1954.0 3084.0 337.66293473830876 337.7030974565217 0.8923246460023927 0.9667915336209907 0.00299039881360242
1955.0 3084.0 337.70309903006734 337.74262526685953 0.8923171190189501 0.9668353521602365 0.002945037476742492
1956.0 3083.0 337.7426414303209 337.7821240432828 0.823186340680959 0.8919481148013793 0.0027145902586002916
1957.0 3084.0 337.78213574287383 337.82356146008215 0.8231596921892748 0.8919640871184553 0.002849951983659573
1958.0 3084.0 337.74262878939066 337.7825035203579 0.8919722951891214 0.9667927998401431 0.0029830547972188822
1959.0 3084.0 337.78250723144913 337.8236036461767 0.8920140387117186 0.9667928183984622 0.0030727352225793166
1960.0 3083.0 337.6628976194071 337.70271843699794 0.9668451098726186 1.0444107570366772 0.0030882515132110064
1961.0 3084.0 337.7027216310881 337.7445234900912 0.9668513711196508 1.0444086252602656 0.0032415378013279407
1962.0 3084.0 337.744530707991 337.78415194849487 0.9668692191908261 1.0444240234190985 0.003072344010936676
1963.0 3084.0 337.7841577568271 337.82361322644715 0.9668446091041527 1.044401831976436 0.0030595850996815487
1964.0 3084.0 337.6629450254936 337.7431934729491 1.0444254891845381 1.087808239978608 0.003480795649990716
1965.0 3084.0 337.662920373798 337.74323006971616 1.0878149378563005 1.1342241866804883 0.0037264118671462704
1966.0 3084.0 337.74327707206623 337.82355567925447 1.0444259080003222 1.0891287019998408 0.0035880559431956667
1967.0 3084.0 337.7432788455454 337.82357524191264 1.0891311294585324 1.1342241539449582 0.003620125760921704
1968.0 3083.0 337.8236196385762 337.8642453126363 0.823159973998547 0.8923887055045219 0.0028121485372021577
1969.0 3084.0 337.8642464780758 337.9038086362189 0.8231537500627663 0.892378115638409 0.0027383582343310396
1970.0 3084.0 337.8236172321406 337.8638297706639 0.8923963214132877 0.9668068510412353 0.0029918422525630362
1971.0 3084.0 337.8638305227465 337.90380482468174 0.8924230409492726 0.9667858277199564 0.0029722090381088966
1972.0 3084.0 337.90381677185616 337.9405119151412 0.8231587383284565 0.8937026994516859 0.002588330064772573
1973.0 3084.0 337.9405255495493 337.9799488902537 0.8231537379741926 0.8937247888367493 0.0027818341465983254
1974.0 3084.0 337.90385562942583 337.9405571818143 0.893743348681593 0.9668110382373007 0.002681343986719466
1975.0 3084.0 337.94056212468666 337.97998172297775 0.8937784404174751 0.9668049345585482 0.002878295426192203
1976.0 3083.0 337.82361436176706 337.86370287570475 0.9668297730865838 1.0450449319009856 0.0031350459969854147
1977.0 3084.0 337.8637219628083 337.90271159391887 0.9668717401628435 1.0450936880516455 0.0030493745754697934
1978.0 3084.0 337.9027251100116 337.9799749548492 0.9668226373814743 1.0053925283672984 0.0029790767634987666
1979.0 3084.0 337.90271579434756 337.9799830488692 1.005399354282663 1.0451063192284877 0.0030675569292
1980.0 3084.0 337.8236512731118 337.90267186059754 1.045145318986459 1.0900751218213394 0.003549762995985896
1981.0 3084.0 337.82365296962183 337.9026565644924 1.090104973418943 1.1335901265684298 0.0034348365109101078
1982.0 3084.0 337.90268877402286 337.97997142934634 1.0451111279148049 1.0880341040163697 0.0033166267585670274
1983.0 3084.0 337.9026969074982 337.97996663199604 1.0880526193355424 1.1339886144046436 0.0035487942934957855
1984.0 3083.0 337.9799934288869 338.02159609729216 0.5700564615295488 0.6321985975150491 0.0025851362649581358
1985.0 3084.0 338.02162719080684 338.061914246568 0.5700159267592159 0.6322236461421126 0.0025060278084093456
1986.0 3084.0 337.9799882051356 338.0219611310352 0.6322357925570927 0.6962268368661972 0.002685710733986887
1987.0 3084.0 338.021965428145 338.0619125049289 0.6322418837303602 0.6961989785035444 0.002554727163789428
1988.0 3083.0 338.0619401821241 338.1024040902525 0.5700086802551968 0.6301093014849806 0.002431772535243832
1989.0 3084.0 338.10240483294916 338.13852576216857 0.5700168848669116 0.6301021496570223 0.0021702164726805947
1990.0 3084.0 338.06192046473524 338.1015386880468 0.6301111916801332 0.6962245303254616 0.002619117420010823
1991.0 3084.0 338.1015807760906 338.1385366623172 0.630111204772015 0.6962211419940959 0.0024429875332946487
1992.0 3083.0 337.98001484814336 338.02039547948993 0.6962270579220572 0.7645985690615423 0.002760660283584943
1993.0 3084.0 338.0203991842076 338.058511954004 0.6962614442748395 0.7646675606741168 0.002606934535785452
1994.0 3084.0 337.9799896737961 338.018948635462 0.7646689630096817 0.8309206897778549 0.0025808481296389425
1995.0 3084.0 338.01894922592135 338.0585062638109 0.7646821618517798 0.830931920001978 0.002620389995992939
1996.0 3084.0 338.0585178948913 338.0971730947073 0.6962699341695415 0.76443785137012 0.0026348302263047097
1997.0 3084.0 338.09718276074574 338.1385501931768 0.6962346859706667 0.764398625333966 0.0028195379267946094
1998.0 3084.0 338.05853681652906 338.0987161927313 0.7644401831477021 0.830923709692184 0.0026710075968254766
1999.0 3084.0 338.0987223309039 338.1385357154395 0.76445779857547 0.83091463803449 0.002645615136814672
2000.0 3083.0 338.13855226639384 338.1821654063472 0.5700320554275444 0.6266639213891837 0.0024697587143596026
2001.0 3084.0 338.18217491754433 338.223909942358 0.5700090325801582 0.6266801421275133 0.0023650410975956156
2002.0 3084.0 338.13856186925034 338.1803898804782 0.6266883370762182 0.6926115670787705 0.002757254704601912
2003.0 3084.0 338.1804076395732 338.22391889096707 0.6267593700893497 0.6926445046042163 0.002866554470802387
2004.0 3084.0 338.2239235694403 338.2616464726594 0.570005910323031 0.6347309147589081 0.0024414800140843337
2005.0 3084.0 338.2616598313872 338.31166570338206 0.5700245955308029 0.6347038846225891 0.003234165337838745
2006.0 3084.0 338.22392263657645 338.26923941212556 0.6347325846244982 0.6926810380939289 0.002625860760608873
2007.0 3084.0 338.2692791006119 338.3116620387935 0.6347490959187677 0.6926703801238924 0.0024547093988220845
2008.0 3083.0 338.13860554246344 338.182027290539 0.6927048666321446 0.7599552465023148 0.002919894252148008
2009.0 3084.0 338.1820442320155 338.22430796646466 0.6927464140470752 0.7599516393799992 0.002840115400143106
2010.0 3084.0 338.1385566934897 338.180676694141 0.75996546783659 0.830934412219355 0.002988923721126714
2011.0 3084.0 338.18068380862053 338.22427689691716 0.7599578933257811 0.830918010155691 0.0030930723405764677
2012.0 3084.0 338.22431852302196 338.269704916058 0.6926954831241438 0.7595542896534593 0.0030342362155571295
2013.0 3084.0 338.26972398824404 338.3116278183327 0.692685050431755 0.7596216650277339 0.0028046751005681315
2014.0 3084.0 338.224323610527 338.2680424606529 0.7596345433163645 0.8309245208155519 0.003116415410393672
2015.0 3084.0 338.26804427841944 338.3116607327757 0.7596307880216617 0.8308523499794839 0.0031061325951890553
2016.0 3083.0 337.97999343666885 338.0201517966777 0.8309383414683963 0.8976709544421376 0.0026795672398470523
